start_time: 1535346506.4055939
enter n:enter puzzle elements row wise:
enter element a[ 0 ][ 0 ]:enter element a[ 0 ][ 1 ]:enter element a[ 1 ][ 0 ]:enter element a[ 1 ][ 1 ]:Initial State:
[0, 1]
[2, 3]
Goal State:
[1, 2]
[3, 0]
In PuzzleA*....
[[0, 1], [2, 3]]
==
----------------current Node----------------
[[0, 1], [2, 3]] --path_cost: 0 ,heuristic: 0 ,total: 0
explored: [[[0, 1], [2, 3]]]
----------------children----------------
--> [[1, 0], [2, 3]] --> [[0, 1], [2, 3]]
--path_cost: 1 ,heuristic: 4.0 ,total: 5
--> [[2, 1], [0, 3]] --> [[0, 1], [2, 3]]
--path_cost: 1 ,heuristic: 4.0 ,total: 5
------------------


----------------current Node----------------
[[1, 0], [2, 3]] --path_cost: 1 ,heuristic: 4.0 ,total: 5
explored: [[[0, 1], [2, 3]], [[1, 0], [2, 3]]]
----------------children----------------
--> [[0, 1], [2, 3]] --> [[1, 0], [2, 3]]
--path_cost: 2 ,heuristic: 6.0 ,total: 8
--> [[1, 3], [2, 0]] --> [[1, 0], [2, 3]]
--path_cost: 2 ,heuristic: 4.0 ,total: 6
------------------


----------------current Node----------------
[[2, 1], [0, 3]] --path_cost: 1 ,heuristic: 4.0 ,total: 5
explored: [[[0, 1], [2, 3]], [[1, 0], [2, 3]], [[2, 1], [0, 3]]]
----------------children----------------
--> [[0, 1], [2, 3]] --> [[2, 1], [0, 3]]
--path_cost: 2 ,heuristic: 6.0 ,total: 8
--> [[2, 1], [3, 0]] --> [[2, 1], [0, 3]]
--path_cost: 2 ,heuristic: 2.0 ,total: 4
------------------


----------------current Node----------------
[[2, 1], [3, 0]] --path_cost: 2 ,heuristic: 2.0 ,total: 4
explored: [[[0, 1], [2, 3]], [[1, 0], [2, 3]], [[2, 1], [0, 3]], [[2, 1], [3, 0]]]
----------------children----------------
--> [[2, 1], [0, 3]] --> [[2, 1], [3, 0]]
--path_cost: 3 ,heuristic: 4.0 ,total: 7
--> [[2, 0], [3, 1]] --> [[2, 1], [3, 0]]
--path_cost: 3 ,heuristic: 4.0 ,total: 7
------------------


----------------current Node----------------
[[1, 3], [2, 0]] --path_cost: 2 ,heuristic: 4.0 ,total: 6
explored: [[[0, 1], [2, 3]], [[1, 0], [2, 3]], [[2, 1], [0, 3]], [[2, 1], [3, 0]], [[1, 3], [2, 0]]]
----------------children----------------
--> [[1, 3], [0, 2]] --> [[1, 3], [2, 0]]
--path_cost: 3 ,heuristic: 4.0 ,total: 7
--> [[1, 0], [2, 3]] --> [[1, 3], [2, 0]]
--path_cost: 3 ,heuristic: 4.0 ,total: 7
------------------


----------------current Node----------------
[[2, 0], [3, 1]] --path_cost: 3 ,heuristic: 4.0 ,total: 7
explored: [[[0, 1], [2, 3]], [[1, 0], [2, 3]], [[2, 1], [0, 3]], [[2, 1], [3, 0]], [[1, 3], [2, 0]], [[2, 0], [3, 1]]]
----------------children----------------
--> [[0, 2], [3, 1]] --> [[2, 0], [3, 1]]
--path_cost: 4 ,heuristic: 4.0 ,total: 8
--> [[2, 1], [3, 0]] --> [[2, 0], [3, 1]]
--path_cost: 4 ,heuristic: 2.0 ,total: 6
------------------


----------------current Node----------------
[[2, 1], [3, 0]] --path_cost: 4 ,heuristic: 2.0 ,total: 6
----------------current Node----------------
[[2, 1], [0, 3]] --path_cost: 3 ,heuristic: 4.0 ,total: 7
----------------current Node----------------
[[1, 0], [2, 3]] --path_cost: 3 ,heuristic: 4.0 ,total: 7
----------------current Node----------------
[[1, 3], [0, 2]] --path_cost: 3 ,heuristic: 4.0 ,total: 7
explored: [[[0, 1], [2, 3]], [[1, 0], [2, 3]], [[2, 1], [0, 3]], [[2, 1], [3, 0]], [[1, 3], [2, 0]], [[2, 0], [3, 1]], [[1, 3], [0, 2]]]
----------------children----------------
--> [[0, 3], [1, 2]] --> [[1, 3], [0, 2]]
--path_cost: 4 ,heuristic: 6.0 ,total: 10
--> [[1, 3], [2, 0]] --> [[1, 3], [0, 2]]
--path_cost: 4 ,heuristic: 4.0 ,total: 8
------------------


----------------current Node----------------
[[0, 2], [3, 1]] --path_cost: 4 ,heuristic: 4.0 ,total: 8
explored: [[[0, 1], [2, 3]], [[1, 0], [2, 3]], [[2, 1], [0, 3]], [[2, 1], [3, 0]], [[1, 3], [2, 0]], [[2, 0], [3, 1]], [[1, 3], [0, 2]], [[0, 2], [3, 1]]]
----------------children----------------
--> [[2, 0], [3, 1]] --> [[0, 2], [3, 1]]
--path_cost: 5 ,heuristic: 4.0 ,total: 9
--> [[3, 2], [0, 1]] --> [[0, 2], [3, 1]]
--path_cost: 5 ,heuristic: 4.0 ,total: 9
------------------


----------------current Node----------------
[[0, 1], [2, 3]] --path_cost: 2 ,heuristic: 6.0 ,total: 8
----------------current Node----------------
[[0, 1], [2, 3]] --path_cost: 2 ,heuristic: 6.0 ,total: 8
----------------current Node----------------
[[1, 3], [2, 0]] --path_cost: 4 ,heuristic: 4.0 ,total: 8
----------------current Node----------------
[[3, 2], [0, 1]] --path_cost: 5 ,heuristic: 4.0 ,total: 9
explored: [[[0, 1], [2, 3]], [[1, 0], [2, 3]], [[2, 1], [0, 3]], [[2, 1], [3, 0]], [[1, 3], [2, 0]], [[2, 0], [3, 1]], [[1, 3], [0, 2]], [[0, 2], [3, 1]], [[3, 2], [0, 1]]]
----------------children----------------
--> [[0, 2], [3, 1]] --> [[3, 2], [0, 1]]
--path_cost: 6 ,heuristic: 4.0 ,total: 10
--> [[3, 2], [1, 0]] --> [[3, 2], [0, 1]]
--path_cost: 6 ,heuristic: 2.0 ,total: 8
------------------


----------------current Node----------------
[[3, 2], [1, 0]] --path_cost: 6 ,heuristic: 2.0 ,total: 8
explored: [[[0, 1], [2, 3]], [[1, 0], [2, 3]], [[2, 1], [0, 3]], [[2, 1], [3, 0]], [[1, 3], [2, 0]], [[2, 0], [3, 1]], [[1, 3], [0, 2]], [[0, 2], [3, 1]], [[3, 2], [0, 1]], [[3, 2], [1, 0]]]
----------------children----------------
--> [[3, 2], [0, 1]] --> [[3, 2], [1, 0]]
--path_cost: 7 ,heuristic: 4.0 ,total: 11
--> [[3, 0], [1, 2]] --> [[3, 2], [1, 0]]
--path_cost: 7 ,heuristic: 4.0 ,total: 11
------------------


----------------current Node----------------
[[2, 0], [3, 1]] --path_cost: 5 ,heuristic: 4.0 ,total: 9
----------------current Node----------------
[[0, 2], [3, 1]] --path_cost: 6 ,heuristic: 4.0 ,total: 10
----------------current Node----------------
[[0, 3], [1, 2]] --path_cost: 4 ,heuristic: 6.0 ,total: 10
explored: [[[0, 1], [2, 3]], [[1, 0], [2, 3]], [[2, 1], [0, 3]], [[2, 1], [3, 0]], [[1, 3], [2, 0]], [[2, 0], [3, 1]], [[1, 3], [0, 2]], [[0, 2], [3, 1]], [[3, 2], [0, 1]], [[3, 2], [1, 0]], [[0, 3], [1, 2]]]
----------------children----------------
--> [[3, 0], [1, 2]] --> [[0, 3], [1, 2]]
--path_cost: 5 ,heuristic: 4.0 ,total: 9
--> [[1, 3], [0, 2]] --> [[0, 3], [1, 2]]
--path_cost: 5 ,heuristic: 4.0 ,total: 9
------------------


----------------current Node----------------
[[3, 0], [1, 2]] --path_cost: 5 ,heuristic: 4.0 ,total: 9
explored: [[[0, 1], [2, 3]], [[1, 0], [2, 3]], [[2, 1], [0, 3]], [[2, 1], [3, 0]], [[1, 3], [2, 0]], [[2, 0], [3, 1]], [[1, 3], [0, 2]], [[0, 2], [3, 1]], [[3, 2], [0, 1]], [[3, 2], [1, 0]], [[0, 3], [1, 2]], [[3, 0], [1, 2]]]
----------------children----------------
--> [[0, 3], [1, 2]] --> [[3, 0], [1, 2]]
--path_cost: 6 ,heuristic: 6.0 ,total: 12
--> [[3, 2], [1, 0]] --> [[3, 0], [1, 2]]
--path_cost: 6 ,heuristic: 2.0 ,total: 8
------------------


----------------current Node----------------
[[3, 2], [1, 0]] --path_cost: 6 ,heuristic: 2.0 ,total: 8
----------------current Node----------------
[[1, 3], [0, 2]] --path_cost: 5 ,heuristic: 4.0 ,total: 9
----------------current Node----------------
[[3, 2], [0, 1]] --path_cost: 7 ,heuristic: 4.0 ,total: 11
----------------current Node----------------
[[3, 0], [1, 2]] --path_cost: 7 ,heuristic: 4.0 ,total: 11
----------------current Node----------------
[[0, 3], [1, 2]] --path_cost: 6 ,heuristic: 6.0 ,total: 12
Goal Not Found..
end time: 1535346506.4180129
0.01242518424987793
0:00:00 sec
