Cities=10
ants=10
Iterations=5
alpha=0.7
beta=0.7
rho=0.5


cities = [[0, 37, 23, 13, 47, 12, 12, 40, 16, 40],
          [37, 0, 40, 29, 44, 10, 2, 5, 42, 1],
          [23, 40, 0, 39, 18, 18, 34, 44, 49, 43],
          [13, 29, 39, 0, 22, 26, 31, 47, 49, 39],
          [47, 44, 18, 22, 0, 23, 4, 31, 49, 43],
          [12, 10, 18, 26, 23, 0, 49, 26, 9, 42],
          [12, 2, 34, 31, 4, 49, 0, 26, 30, 28],
          [40, 5, 44, 47, 31, 26, 26, 0, 25, 50],
          [16, 42, 49, 49, 49, 9, 30, 25, 0, 21],
          [40, 1, 43, 39, 43, 42, 28, 50, 21, 0]]
