Cities=30
ants=60
Iterations=5
alpha=0.7
beta=0.7
rho=0.5

cities = [
    [0, 49, 22, 8, 26, 37, 3, 31, 22, 4, 45, 33, 35, 35, 8, 12, 31, 43, 48, 47, 1, 46, 34, 28, 13, 35, 45, 1, 43, 37],
    [49, 0, 30, 18, 40, 15, 31, 38, 40, 8, 35, 30, 38, 46, 47, 34, 45, 24, 6, 49, 49, 31, 40, 27, 8, 7, 24, 42, 13, 50],
    [22, 30, 0, 5, 45, 12, 11, 46, 19, 31, 26, 36, 49, 23, 12, 41, 39, 25, 19, 50, 27, 34, 30, 36, 23, 28, 6, 16, 4,
     22],
    [8, 18, 5, 0, 4, 38, 29, 27, 12, 8, 33, 44, 46, 2, 33, 17, 8, 20, 38, 23, 43, 49, 47, 39, 15, 33, 21, 40, 50, 31],
    [26, 40, 45, 4, 0, 38, 1, 17, 35, 46, 7, 33, 13, 46, 8, 5, 29, 15, 9, 41, 6, 27, 14, 23, 32, 29, 48, 26, 9, 7],
    [37, 15, 12, 38, 38, 0, 45, 35, 20, 23, 34, 14, 14, 12, 38, 44, 19, 48, 23, 7, 18, 28, 31, 14, 45, 34, 31, 29, 40,
     8],
    [3, 31, 11, 29, 1, 45, 0, 43, 19, 22, 16, 13, 24, 3, 26, 9, 24, 44, 21, 7, 37, 11, 1, 40, 47, 9, 14, 3, 31, 15],
    [31, 38, 46, 27, 17, 35, 43, 0, 48, 26, 2, 12, 21, 4, 21, 47, 38, 48, 31, 33, 38, 3, 19, 15, 33, 4, 35, 10, 28, 50],
    [22, 40, 19, 12, 35, 20, 19, 48, 0, 15, 34, 44, 10, 50, 16, 48, 45, 11, 22, 17, 47, 21, 39, 19, 37, 41, 16, 11, 31,
     38],
    [4, 8, 31, 8, 46, 23, 22, 26, 15, 0, 29, 40, 21, 43, 30, 46, 24, 23, 49, 2, 17, 13, 35, 39, 30, 8, 35, 48, 25, 50],
    [45, 35, 26, 33, 7, 34, 16, 2, 34, 29, 0, 42, 16, 50, 45, 42, 10, 17, 23, 50, 26, 34, 49, 40, 12, 43, 34, 24, 32,
     1],
    [33, 30, 36, 44, 33, 14, 13, 12, 44, 40, 42, 0, 15, 37, 49, 24, 42, 41, 18, 47, 47, 8, 1, 36, 49, 47, 7, 1, 40, 18],
    [35, 38, 49, 46, 13, 14, 24, 21, 10, 21, 16, 15, 0, 31, 41, 4, 2, 30, 2, 30, 49, 48, 38, 34, 30, 38, 12, 45, 46, 3],
    [35, 46, 23, 2, 46, 12, 3, 4, 50, 43, 50, 37, 31, 0, 27, 22, 4, 28, 10, 7, 14, 2, 17, 4, 37, 1, 34, 26, 43, 31],
    [8, 47, 12, 33, 8, 38, 26, 21, 16, 30, 45, 49, 41, 27, 0, 45, 18, 33, 25, 28, 48, 46, 36, 39, 39, 33, 45, 18, 5, 2],
    [12, 34, 41, 17, 5, 44, 9, 47, 48, 46, 42, 24, 4, 22, 45, 0, 38, 33, 29, 42, 42, 44, 2, 34, 25, 33, 41, 13, 26, 31],
    [31, 45, 39, 8, 29, 19, 24, 38, 45, 24, 10, 42, 2, 4, 18, 38, 0, 20, 22, 24, 6, 18, 41, 7, 11, 26, 9, 41, 34, 47],
    [43, 24, 25, 20, 15, 48, 44, 48, 11, 23, 17, 41, 30, 28, 33, 33, 20, 0, 23, 28, 41, 30, 25, 26, 34, 24, 18, 1, 24,
     47],
    [48, 6, 19, 38, 9, 23, 21, 31, 22, 49, 23, 18, 2, 10, 25, 29, 22, 23, 0, 28, 21, 38, 37, 21, 18, 13, 40, 8, 46, 31],
    [47, 49, 50, 23, 41, 7, 7, 33, 17, 2, 50, 47, 30, 7, 28, 42, 24, 28, 28, 0, 9, 15, 45, 6, 44, 28, 41, 47, 42, 7],
    [1, 49, 27, 43, 6, 18, 37, 38, 47, 17, 26, 47, 49, 14, 48, 42, 6, 41, 21, 9, 0, 49, 25, 14, 39, 15, 39, 26, 35, 25],
    [46, 31, 34, 49, 27, 28, 11, 3, 21, 13, 34, 8, 48, 2, 46, 44, 18, 30, 38, 15, 49, 0, 25, 3, 48, 4, 44, 28, 49, 7],
    [34, 40, 30, 47, 14, 31, 1, 19, 39, 35, 49, 1, 38, 17, 36, 2, 41, 25, 37, 45, 25, 25, 0, 2, 49, 27, 30, 30, 48, 23],
    [28, 27, 36, 39, 23, 14, 40, 15, 19, 39, 40, 36, 34, 4, 39, 34, 7, 26, 21, 6, 14, 3, 2, 0, 36, 31, 29, 34, 27, 3],
    [13, 8, 23, 15, 32, 45, 47, 33, 37, 30, 12, 49, 30, 37, 39, 25, 11, 34, 18, 44, 39, 48, 49, 36, 0, 36, 42, 26, 46,
     27],
    [35, 7, 28, 33, 29, 34, 9, 4, 41, 8, 43, 47, 38, 1, 33, 33, 26, 24, 13, 28, 15, 4, 27, 31, 36, 0, 24, 40, 39, 39],
    [45, 24, 6, 21, 48, 31, 14, 35, 16, 35, 34, 7, 12, 34, 45, 41, 9, 18, 40, 41, 39, 44, 30, 29, 42, 24, 0, 41, 10,
     30],
    [1, 42, 16, 40, 26, 29, 3, 10, 11, 48, 24, 1, 45, 26, 18, 13, 41, 1, 8, 47, 26, 28, 30, 34, 26, 40, 41, 0, 34, 30],
    [43, 13, 4, 50, 9, 40, 31, 28, 31, 25, 32, 40, 46, 43, 5, 26, 34, 24, 46, 42, 35, 49, 48, 27, 46, 39, 10, 34, 0,
     38],
    [37, 50, 22, 31, 7, 8, 15, 50, 38, 50, 1, 18, 3, 31, 2, 31, 47, 47, 31, 7, 25, 7, 23, 3, 27, 39, 30, 30, 38, 0]
]
