start_time: 1535344474.800516
enter n:enter limit:enter maxBound:enter puzzle elements row wise:
enter element a[ 0 ][ 0 ]:enter element a[ 0 ][ 1 ]:enter element a[ 0 ][ 2 ]:enter element a[ 0 ][ 3 ]:enter element a[ 1 ][ 0 ]:enter element a[ 1 ][ 1 ]:enter element a[ 1 ][ 2 ]:enter element a[ 1 ][ 3 ]:enter element a[ 2 ][ 0 ]:enter element a[ 2 ][ 1 ]:enter element a[ 2 ][ 2 ]:enter element a[ 2 ][ 3 ]:enter element a[ 3 ][ 0 ]:enter element a[ 3 ][ 1 ]:enter element a[ 3 ][ 2 ]:enter element a[ 3 ][ 3 ]:Initial State:
[2, 0, 3, 4]
[1, 5, 6, 7]
[9, 11, 12, 8]
[13, 10, 14, 15]
Goal State:
[1, 2, 3, 4]
[5, 6, 7, 8]
[9, 10, 11, 12]
[13, 14, 15, 0]
Initial state:
[2, 0, 3, 4]
[1, 5, 6, 7]
[9, 11, 12, 8]
[13, 10, 14, 15]
In PuzzleA*....


Initial bound: 3
[[2, 0, 3, 4], [1, 5, 6, 7], [9, 11, 12, 8], [13, 10, 14, 15]]
==
----------------current Node----------------
[[2, 0, 3, 4], [1, 5, 6, 7], [9, 11, 12, 8], [13, 10, 14, 15]] --path_cost: 0 ,heuristic: 0 ,total: 0
frontier len: 0
explored len: 1
explored: [[[2, 0, 3, 4], [1, 5, 6, 7], [9, 11, 12, 8], [13, 10, 14, 15]]]
----------------children----------------
--> [[0, 2, 3, 4], [1, 5, 6, 7], [9, 11, 12, 8], [13, 10, 14, 15]] --> [[2, 0, 3, 4], [1, 5, 6, 7], [9, 11, 12, 8], [13, 10, 14, 15]]
--path_cost: 1 ,heuristic: 16.0 ,total: 17
--> [[2, 3, 0, 4], [1, 5, 6, 7], [9, 11, 12, 8], [13, 10, 14, 15]] --> [[2, 0, 3, 4], [1, 5, 6, 7], [9, 11, 12, 8], [13, 10, 14, 15]]
--path_cost: 1 ,heuristic: 16.0 ,total: 17
--> [[2, 5, 3, 4], [1, 0, 6, 7], [9, 11, 12, 8], [13, 10, 14, 15]] --> [[2, 0, 3, 4], [1, 5, 6, 7], [9, 11, 12, 8], [13, 10, 14, 15]]
--path_cost: 1 ,heuristic: 16.0 ,total: 17
------------------
at last frontier:
at last explored: [[[2, 0, 3, 4], [1, 5, 6, 7], [9, 11, 12, 8], [13, 10, 14, 15]]]


--------------empty again recursion

In PuzzleA*....


Initial bound: 6
[[2, 0, 3, 4], [1, 5, 6, 7], [9, 11, 12, 8], [13, 10, 14, 15]]
==
----------------current Node----------------
[[2, 0, 3, 4], [1, 5, 6, 7], [9, 11, 12, 8], [13, 10, 14, 15]] --path_cost: 0 ,heuristic: 0 ,total: 0
frontier len: 0
explored len: 1
explored: [[[2, 0, 3, 4], [1, 5, 6, 7], [9, 11, 12, 8], [13, 10, 14, 15]]]
----------------children----------------
--> [[0, 2, 3, 4], [1, 5, 6, 7], [9, 11, 12, 8], [13, 10, 14, 15]] --> [[2, 0, 3, 4], [1, 5, 6, 7], [9, 11, 12, 8], [13, 10, 14, 15]]
--path_cost: 1 ,heuristic: 16.0 ,total: 17
--> [[2, 3, 0, 4], [1, 5, 6, 7], [9, 11, 12, 8], [13, 10, 14, 15]] --> [[2, 0, 3, 4], [1, 5, 6, 7], [9, 11, 12, 8], [13, 10, 14, 15]]
--path_cost: 1 ,heuristic: 16.0 ,total: 17
--> [[2, 5, 3, 4], [1, 0, 6, 7], [9, 11, 12, 8], [13, 10, 14, 15]] --> [[2, 0, 3, 4], [1, 5, 6, 7], [9, 11, 12, 8], [13, 10, 14, 15]]
--path_cost: 1 ,heuristic: 16.0 ,total: 17
------------------
at last frontier:
at last explored: [[[2, 0, 3, 4], [1, 5, 6, 7], [9, 11, 12, 8], [13, 10, 14, 15]]]


--------------empty again recursion

In PuzzleA*....


Initial bound: 9
[[2, 0, 3, 4], [1, 5, 6, 7], [9, 11, 12, 8], [13, 10, 14, 15]]
==
----------------current Node----------------
[[2, 0, 3, 4], [1, 5, 6, 7], [9, 11, 12, 8], [13, 10, 14, 15]] --path_cost: 0 ,heuristic: 0 ,total: 0
frontier len: 0
explored len: 1
explored: [[[2, 0, 3, 4], [1, 5, 6, 7], [9, 11, 12, 8], [13, 10, 14, 15]]]
----------------children----------------
--> [[0, 2, 3, 4], [1, 5, 6, 7], [9, 11, 12, 8], [13, 10, 14, 15]] --> [[2, 0, 3, 4], [1, 5, 6, 7], [9, 11, 12, 8], [13, 10, 14, 15]]
--path_cost: 1 ,heuristic: 16.0 ,total: 17
--> [[2, 3, 0, 4], [1, 5, 6, 7], [9, 11, 12, 8], [13, 10, 14, 15]] --> [[2, 0, 3, 4], [1, 5, 6, 7], [9, 11, 12, 8], [13, 10, 14, 15]]
--path_cost: 1 ,heuristic: 16.0 ,total: 17
--> [[2, 5, 3, 4], [1, 0, 6, 7], [9, 11, 12, 8], [13, 10, 14, 15]] --> [[2, 0, 3, 4], [1, 5, 6, 7], [9, 11, 12, 8], [13, 10, 14, 15]]
--path_cost: 1 ,heuristic: 16.0 ,total: 17
------------------
at last frontier:
at last explored: [[[2, 0, 3, 4], [1, 5, 6, 7], [9, 11, 12, 8], [13, 10, 14, 15]]]


--------------empty again recursion

In PuzzleA*....


Initial bound: 12
[[2, 0, 3, 4], [1, 5, 6, 7], [9, 11, 12, 8], [13, 10, 14, 15]]
==
----------------current Node----------------
[[2, 0, 3, 4], [1, 5, 6, 7], [9, 11, 12, 8], [13, 10, 14, 15]] --path_cost: 0 ,heuristic: 0 ,total: 0
frontier len: 0
explored len: 1
explored: [[[2, 0, 3, 4], [1, 5, 6, 7], [9, 11, 12, 8], [13, 10, 14, 15]]]
----------------children----------------
--> [[0, 2, 3, 4], [1, 5, 6, 7], [9, 11, 12, 8], [13, 10, 14, 15]] --> [[2, 0, 3, 4], [1, 5, 6, 7], [9, 11, 12, 8], [13, 10, 14, 15]]
--path_cost: 1 ,heuristic: 16.0 ,total: 17
--> [[2, 3, 0, 4], [1, 5, 6, 7], [9, 11, 12, 8], [13, 10, 14, 15]] --> [[2, 0, 3, 4], [1, 5, 6, 7], [9, 11, 12, 8], [13, 10, 14, 15]]
--path_cost: 1 ,heuristic: 16.0 ,total: 17
--> [[2, 5, 3, 4], [1, 0, 6, 7], [9, 11, 12, 8], [13, 10, 14, 15]] --> [[2, 0, 3, 4], [1, 5, 6, 7], [9, 11, 12, 8], [13, 10, 14, 15]]
--path_cost: 1 ,heuristic: 16.0 ,total: 17
------------------
at last frontier:
at last explored: [[[2, 0, 3, 4], [1, 5, 6, 7], [9, 11, 12, 8], [13, 10, 14, 15]]]


--------------empty again recursion

In PuzzleA*....


Initial bound: 15
[[2, 0, 3, 4], [1, 5, 6, 7], [9, 11, 12, 8], [13, 10, 14, 15]]
==
----------------current Node----------------
[[2, 0, 3, 4], [1, 5, 6, 7], [9, 11, 12, 8], [13, 10, 14, 15]] --path_cost: 0 ,heuristic: 0 ,total: 0
frontier len: 0
explored len: 1
explored: [[[2, 0, 3, 4], [1, 5, 6, 7], [9, 11, 12, 8], [13, 10, 14, 15]]]
----------------children----------------
--> [[0, 2, 3, 4], [1, 5, 6, 7], [9, 11, 12, 8], [13, 10, 14, 15]] --> [[2, 0, 3, 4], [1, 5, 6, 7], [9, 11, 12, 8], [13, 10, 14, 15]]
--path_cost: 1 ,heuristic: 16.0 ,total: 17
--> [[2, 3, 0, 4], [1, 5, 6, 7], [9, 11, 12, 8], [13, 10, 14, 15]] --> [[2, 0, 3, 4], [1, 5, 6, 7], [9, 11, 12, 8], [13, 10, 14, 15]]
--path_cost: 1 ,heuristic: 16.0 ,total: 17
--> [[2, 5, 3, 4], [1, 0, 6, 7], [9, 11, 12, 8], [13, 10, 14, 15]] --> [[2, 0, 3, 4], [1, 5, 6, 7], [9, 11, 12, 8], [13, 10, 14, 15]]
--path_cost: 1 ,heuristic: 16.0 ,total: 17
------------------
at last frontier:
at last explored: [[[2, 0, 3, 4], [1, 5, 6, 7], [9, 11, 12, 8], [13, 10, 14, 15]]]


--------------empty again recursion

In PuzzleA*....


Initial bound: 18
[[2, 0, 3, 4], [1, 5, 6, 7], [9, 11, 12, 8], [13, 10, 14, 15]]
==
----------------current Node----------------
[[2, 0, 3, 4], [1, 5, 6, 7], [9, 11, 12, 8], [13, 10, 14, 15]] --path_cost: 0 ,heuristic: 0 ,total: 0
frontier len: 0
explored len: 1
explored: [[[2, 0, 3, 4], [1, 5, 6, 7], [9, 11, 12, 8], [13, 10, 14, 15]]]
----------------children----------------
--> [[0, 2, 3, 4], [1, 5, 6, 7], [9, 11, 12, 8], [13, 10, 14, 15]] --> [[2, 0, 3, 4], [1, 5, 6, 7], [9, 11, 12, 8], [13, 10, 14, 15]]
--path_cost: 1 ,heuristic: 16.0 ,total: 17
--> [[2, 3, 0, 4], [1, 5, 6, 7], [9, 11, 12, 8], [13, 10, 14, 15]] --> [[2, 0, 3, 4], [1, 5, 6, 7], [9, 11, 12, 8], [13, 10, 14, 15]]
--path_cost: 1 ,heuristic: 16.0 ,total: 17
--> [[2, 5, 3, 4], [1, 0, 6, 7], [9, 11, 12, 8], [13, 10, 14, 15]] --> [[2, 0, 3, 4], [1, 5, 6, 7], [9, 11, 12, 8], [13, 10, 14, 15]]
--path_cost: 1 ,heuristic: 16.0 ,total: 17
------------------
at last frontier:
[[0, 2, 3, 4], [1, 5, 6, 7], [9, 11, 12, 8], [13, 10, 14, 15]]
[[2, 3, 0, 4], [1, 5, 6, 7], [9, 11, 12, 8], [13, 10, 14, 15]]
[[2, 5, 3, 4], [1, 0, 6, 7], [9, 11, 12, 8], [13, 10, 14, 15]]
at last explored: [[[2, 0, 3, 4], [1, 5, 6, 7], [9, 11, 12, 8], [13, 10, 14, 15]]]


----------------current Node----------------
[[0, 2, 3, 4], [1, 5, 6, 7], [9, 11, 12, 8], [13, 10, 14, 15]] --path_cost: 1 ,heuristic: 16.0 ,total: 17
frontier len: 2
explored len: 2
explored: [[[2, 0, 3, 4], [1, 5, 6, 7], [9, 11, 12, 8], [13, 10, 14, 15]], [[0, 2, 3, 4], [1, 5, 6, 7], [9, 11, 12, 8], [13, 10, 14, 15]]]
----------------children----------------
--> [[2, 0, 3, 4], [1, 5, 6, 7], [9, 11, 12, 8], [13, 10, 14, 15]] --> [[0, 2, 3, 4], [1, 5, 6, 7], [9, 11, 12, 8], [13, 10, 14, 15]]
--path_cost: 2 ,heuristic: 16.0 ,total: 18
--> [[1, 2, 3, 4], [0, 5, 6, 7], [9, 11, 12, 8], [13, 10, 14, 15]] --> [[0, 2, 3, 4], [1, 5, 6, 7], [9, 11, 12, 8], [13, 10, 14, 15]]
--path_cost: 2 ,heuristic: 14.0 ,total: 16
------------------
at last frontier:
[[2, 3, 0, 4], [1, 5, 6, 7], [9, 11, 12, 8], [13, 10, 14, 15]]
[[2, 5, 3, 4], [1, 0, 6, 7], [9, 11, 12, 8], [13, 10, 14, 15]]
[[2, 0, 3, 4], [1, 5, 6, 7], [9, 11, 12, 8], [13, 10, 14, 15]]
[[1, 2, 3, 4], [0, 5, 6, 7], [9, 11, 12, 8], [13, 10, 14, 15]]
at last explored: [[[2, 0, 3, 4], [1, 5, 6, 7], [9, 11, 12, 8], [13, 10, 14, 15]], [[0, 2, 3, 4], [1, 5, 6, 7], [9, 11, 12, 8], [13, 10, 14, 15]]]


----------------current Node----------------
[[1, 2, 3, 4], [0, 5, 6, 7], [9, 11, 12, 8], [13, 10, 14, 15]] --path_cost: 2 ,heuristic: 14.0 ,total: 16
frontier len: 3
explored len: 3
explored: [[[2, 0, 3, 4], [1, 5, 6, 7], [9, 11, 12, 8], [13, 10, 14, 15]], [[0, 2, 3, 4], [1, 5, 6, 7], [9, 11, 12, 8], [13, 10, 14, 15]], [[1, 2, 3, 4], [0, 5, 6, 7], [9, 11, 12, 8], [13, 10, 14, 15]]]
----------------children----------------
--> [[0, 2, 3, 4], [1, 5, 6, 7], [9, 11, 12, 8], [13, 10, 14, 15]] --> [[1, 2, 3, 4], [0, 5, 6, 7], [9, 11, 12, 8], [13, 10, 14, 15]]
--path_cost: 3 ,heuristic: 16.0 ,total: 19
--> [[1, 2, 3, 4], [5, 0, 6, 7], [9, 11, 12, 8], [13, 10, 14, 15]] --> [[1, 2, 3, 4], [0, 5, 6, 7], [9, 11, 12, 8], [13, 10, 14, 15]]
--path_cost: 3 ,heuristic: 12.0 ,total: 15
--> [[1, 2, 3, 4], [9, 5, 6, 7], [0, 11, 12, 8], [13, 10, 14, 15]] --> [[1, 2, 3, 4], [0, 5, 6, 7], [9, 11, 12, 8], [13, 10, 14, 15]]
--path_cost: 3 ,heuristic: 14.0 ,total: 17
------------------
at last frontier:
[[2, 3, 0, 4], [1, 5, 6, 7], [9, 11, 12, 8], [13, 10, 14, 15]]
[[2, 5, 3, 4], [1, 0, 6, 7], [9, 11, 12, 8], [13, 10, 14, 15]]
[[2, 0, 3, 4], [1, 5, 6, 7], [9, 11, 12, 8], [13, 10, 14, 15]]
[[1, 2, 3, 4], [5, 0, 6, 7], [9, 11, 12, 8], [13, 10, 14, 15]]
[[1, 2, 3, 4], [9, 5, 6, 7], [0, 11, 12, 8], [13, 10, 14, 15]]
at last explored: [[[2, 0, 3, 4], [1, 5, 6, 7], [9, 11, 12, 8], [13, 10, 14, 15]], [[0, 2, 3, 4], [1, 5, 6, 7], [9, 11, 12, 8], [13, 10, 14, 15]], [[1, 2, 3, 4], [0, 5, 6, 7], [9, 11, 12, 8], [13, 10, 14, 15]]]


----------------current Node----------------
[[1, 2, 3, 4], [5, 0, 6, 7], [9, 11, 12, 8], [13, 10, 14, 15]] --path_cost: 3 ,heuristic: 12.0 ,total: 15
frontier len: 4
explored len: 4
explored: [[[2, 0, 3, 4], [1, 5, 6, 7], [9, 11, 12, 8], [13, 10, 14, 15]], [[0, 2, 3, 4], [1, 5, 6, 7], [9, 11, 12, 8], [13, 10, 14, 15]], [[1, 2, 3, 4], [0, 5, 6, 7], [9, 11, 12, 8], [13, 10, 14, 15]], [[1, 2, 3, 4], [5, 0, 6, 7], [9, 11, 12, 8], [13, 10, 14, 15]]]
----------------children----------------
--> [[1, 2, 3, 4], [0, 5, 6, 7], [9, 11, 12, 8], [13, 10, 14, 15]] --> [[1, 2, 3, 4], [5, 0, 6, 7], [9, 11, 12, 8], [13, 10, 14, 15]]
--path_cost: 4 ,heuristic: 14.0 ,total: 18
--> [[1, 0, 3, 4], [5, 2, 6, 7], [9, 11, 12, 8], [13, 10, 14, 15]] --> [[1, 2, 3, 4], [5, 0, 6, 7], [9, 11, 12, 8], [13, 10, 14, 15]]
--path_cost: 4 ,heuristic: 14.0 ,total: 18
--> [[1, 2, 3, 4], [5, 6, 0, 7], [9, 11, 12, 8], [13, 10, 14, 15]] --> [[1, 2, 3, 4], [5, 0, 6, 7], [9, 11, 12, 8], [13, 10, 14, 15]]
--path_cost: 4 ,heuristic: 10.0 ,total: 14
--> [[1, 2, 3, 4], [5, 11, 6, 7], [9, 0, 12, 8], [13, 10, 14, 15]] --> [[1, 2, 3, 4], [5, 0, 6, 7], [9, 11, 12, 8], [13, 10, 14, 15]]
--path_cost: 4 ,heuristic: 12.0 ,total: 16
------------------
at last frontier:
[[2, 3, 0, 4], [1, 5, 6, 7], [9, 11, 12, 8], [13, 10, 14, 15]]
[[2, 5, 3, 4], [1, 0, 6, 7], [9, 11, 12, 8], [13, 10, 14, 15]]
[[1, 2, 3, 4], [9, 5, 6, 7], [0, 11, 12, 8], [13, 10, 14, 15]]
[[2, 0, 3, 4], [1, 5, 6, 7], [9, 11, 12, 8], [13, 10, 14, 15]]
[[1, 2, 3, 4], [0, 5, 6, 7], [9, 11, 12, 8], [13, 10, 14, 15]]
[[1, 0, 3, 4], [5, 2, 6, 7], [9, 11, 12, 8], [13, 10, 14, 15]]
[[1, 2, 3, 4], [5, 6, 0, 7], [9, 11, 12, 8], [13, 10, 14, 15]]
[[1, 2, 3, 4], [5, 11, 6, 7], [9, 0, 12, 8], [13, 10, 14, 15]]
at last explored: [[[2, 0, 3, 4], [1, 5, 6, 7], [9, 11, 12, 8], [13, 10, 14, 15]], [[0, 2, 3, 4], [1, 5, 6, 7], [9, 11, 12, 8], [13, 10, 14, 15]], [[1, 2, 3, 4], [0, 5, 6, 7], [9, 11, 12, 8], [13, 10, 14, 15]], [[1, 2, 3, 4], [5, 0, 6, 7], [9, 11, 12, 8], [13, 10, 14, 15]]]


----------------current Node----------------
[[1, 2, 3, 4], [5, 6, 0, 7], [9, 11, 12, 8], [13, 10, 14, 15]] --path_cost: 4 ,heuristic: 10.0 ,total: 14
frontier len: 7
explored len: 5
explored: [[[2, 0, 3, 4], [1, 5, 6, 7], [9, 11, 12, 8], [13, 10, 14, 15]], [[0, 2, 3, 4], [1, 5, 6, 7], [9, 11, 12, 8], [13, 10, 14, 15]], [[1, 2, 3, 4], [0, 5, 6, 7], [9, 11, 12, 8], [13, 10, 14, 15]], [[1, 2, 3, 4], [5, 0, 6, 7], [9, 11, 12, 8], [13, 10, 14, 15]], [[1, 2, 3, 4], [5, 6, 0, 7], [9, 11, 12, 8], [13, 10, 14, 15]]]
----------------children----------------
--> [[1, 2, 3, 4], [5, 0, 6, 7], [9, 11, 12, 8], [13, 10, 14, 15]] --> [[1, 2, 3, 4], [5, 6, 0, 7], [9, 11, 12, 8], [13, 10, 14, 15]]
--path_cost: 5 ,heuristic: 12.0 ,total: 17
--> [[1, 2, 0, 4], [5, 6, 3, 7], [9, 11, 12, 8], [13, 10, 14, 15]] --> [[1, 2, 3, 4], [5, 6, 0, 7], [9, 11, 12, 8], [13, 10, 14, 15]]
--path_cost: 5 ,heuristic: 12.0 ,total: 17
--> [[1, 2, 3, 4], [5, 6, 7, 0], [9, 11, 12, 8], [13, 10, 14, 15]] --> [[1, 2, 3, 4], [5, 6, 0, 7], [9, 11, 12, 8], [13, 10, 14, 15]]
--path_cost: 5 ,heuristic: 8.0 ,total: 13
--> [[1, 2, 3, 4], [5, 6, 12, 7], [9, 11, 0, 8], [13, 10, 14, 15]] --> [[1, 2, 3, 4], [5, 6, 0, 7], [9, 11, 12, 8], [13, 10, 14, 15]]
--path_cost: 5 ,heuristic: 10.0 ,total: 15
------------------
at last frontier:
[[1, 2, 3, 4], [5, 11, 6, 7], [9, 0, 12, 8], [13, 10, 14, 15]]
[[2, 3, 0, 4], [1, 5, 6, 7], [9, 11, 12, 8], [13, 10, 14, 15]]
[[2, 5, 3, 4], [1, 0, 6, 7], [9, 11, 12, 8], [13, 10, 14, 15]]
[[1, 2, 3, 4], [9, 5, 6, 7], [0, 11, 12, 8], [13, 10, 14, 15]]
[[1, 0, 3, 4], [5, 2, 6, 7], [9, 11, 12, 8], [13, 10, 14, 15]]
[[2, 0, 3, 4], [1, 5, 6, 7], [9, 11, 12, 8], [13, 10, 14, 15]]
[[1, 2, 3, 4], [0, 5, 6, 7], [9, 11, 12, 8], [13, 10, 14, 15]]
[[1, 2, 3, 4], [5, 0, 6, 7], [9, 11, 12, 8], [13, 10, 14, 15]]
[[1, 2, 0, 4], [5, 6, 3, 7], [9, 11, 12, 8], [13, 10, 14, 15]]
[[1, 2, 3, 4], [5, 6, 7, 0], [9, 11, 12, 8], [13, 10, 14, 15]]
[[1, 2, 3, 4], [5, 6, 12, 7], [9, 11, 0, 8], [13, 10, 14, 15]]
at last explored: [[[2, 0, 3, 4], [1, 5, 6, 7], [9, 11, 12, 8], [13, 10, 14, 15]], [[0, 2, 3, 4], [1, 5, 6, 7], [9, 11, 12, 8], [13, 10, 14, 15]], [[1, 2, 3, 4], [0, 5, 6, 7], [9, 11, 12, 8], [13, 10, 14, 15]], [[1, 2, 3, 4], [5, 0, 6, 7], [9, 11, 12, 8], [13, 10, 14, 15]], [[1, 2, 3, 4], [5, 6, 0, 7], [9, 11, 12, 8], [13, 10, 14, 15]]]


----------------current Node----------------
[[1, 2, 3, 4], [5, 6, 7, 0], [9, 11, 12, 8], [13, 10, 14, 15]] --path_cost: 5 ,heuristic: 8.0 ,total: 13
frontier len: 10
explored len: 6
explored: [[[2, 0, 3, 4], [1, 5, 6, 7], [9, 11, 12, 8], [13, 10, 14, 15]], [[0, 2, 3, 4], [1, 5, 6, 7], [9, 11, 12, 8], [13, 10, 14, 15]], [[1, 2, 3, 4], [0, 5, 6, 7], [9, 11, 12, 8], [13, 10, 14, 15]], [[1, 2, 3, 4], [5, 0, 6, 7], [9, 11, 12, 8], [13, 10, 14, 15]], [[1, 2, 3, 4], [5, 6, 0, 7], [9, 11, 12, 8], [13, 10, 14, 15]], [[1, 2, 3, 4], [5, 6, 7, 0], [9, 11, 12, 8], [13, 10, 14, 15]]]
----------------children----------------
--> [[1, 2, 3, 4], [5, 6, 0, 7], [9, 11, 12, 8], [13, 10, 14, 15]] --> [[1, 2, 3, 4], [5, 6, 7, 0], [9, 11, 12, 8], [13, 10, 14, 15]]
--path_cost: 6 ,heuristic: 10.0 ,total: 16
--> [[1, 2, 3, 0], [5, 6, 7, 4], [9, 11, 12, 8], [13, 10, 14, 15]] --> [[1, 2, 3, 4], [5, 6, 7, 0], [9, 11, 12, 8], [13, 10, 14, 15]]
--path_cost: 6 ,heuristic: 10.0 ,total: 16
--> [[1, 2, 3, 4], [5, 6, 7, 8], [9, 11, 12, 0], [13, 10, 14, 15]] --> [[1, 2, 3, 4], [5, 6, 7, 0], [9, 11, 12, 8], [13, 10, 14, 15]]
--path_cost: 6 ,heuristic: 6.0 ,total: 12
------------------
at last frontier:
[[1, 2, 3, 4], [5, 6, 12, 7], [9, 11, 0, 8], [13, 10, 14, 15]]
[[1, 2, 3, 4], [5, 11, 6, 7], [9, 0, 12, 8], [13, 10, 14, 15]]
[[2, 3, 0, 4], [1, 5, 6, 7], [9, 11, 12, 8], [13, 10, 14, 15]]
[[1, 2, 3, 4], [5, 0, 6, 7], [9, 11, 12, 8], [13, 10, 14, 15]]
[[1, 2, 0, 4], [5, 6, 3, 7], [9, 11, 12, 8], [13, 10, 14, 15]]
[[2, 5, 3, 4], [1, 0, 6, 7], [9, 11, 12, 8], [13, 10, 14, 15]]
[[1, 2, 3, 4], [9, 5, 6, 7], [0, 11, 12, 8], [13, 10, 14, 15]]
[[2, 0, 3, 4], [1, 5, 6, 7], [9, 11, 12, 8], [13, 10, 14, 15]]
[[1, 2, 3, 4], [0, 5, 6, 7], [9, 11, 12, 8], [13, 10, 14, 15]]
[[1, 0, 3, 4], [5, 2, 6, 7], [9, 11, 12, 8], [13, 10, 14, 15]]
[[1, 2, 3, 4], [5, 6, 0, 7], [9, 11, 12, 8], [13, 10, 14, 15]]
[[1, 2, 3, 0], [5, 6, 7, 4], [9, 11, 12, 8], [13, 10, 14, 15]]
[[1, 2, 3, 4], [5, 6, 7, 8], [9, 11, 12, 0], [13, 10, 14, 15]]
at last explored: [[[2, 0, 3, 4], [1, 5, 6, 7], [9, 11, 12, 8], [13, 10, 14, 15]], [[0, 2, 3, 4], [1, 5, 6, 7], [9, 11, 12, 8], [13, 10, 14, 15]], [[1, 2, 3, 4], [0, 5, 6, 7], [9, 11, 12, 8], [13, 10, 14, 15]], [[1, 2, 3, 4], [5, 0, 6, 7], [9, 11, 12, 8], [13, 10, 14, 15]], [[1, 2, 3, 4], [5, 6, 0, 7], [9, 11, 12, 8], [13, 10, 14, 15]], [[1, 2, 3, 4], [5, 6, 7, 0], [9, 11, 12, 8], [13, 10, 14, 15]]]


----------------current Node----------------
[[1, 2, 3, 4], [5, 6, 7, 8], [9, 11, 12, 0], [13, 10, 14, 15]] --path_cost: 6 ,heuristic: 6.0 ,total: 12
frontier len: 12
explored len: 7
explored: [[[2, 0, 3, 4], [1, 5, 6, 7], [9, 11, 12, 8], [13, 10, 14, 15]], [[0, 2, 3, 4], [1, 5, 6, 7], [9, 11, 12, 8], [13, 10, 14, 15]], [[1, 2, 3, 4], [0, 5, 6, 7], [9, 11, 12, 8], [13, 10, 14, 15]], [[1, 2, 3, 4], [5, 0, 6, 7], [9, 11, 12, 8], [13, 10, 14, 15]], [[1, 2, 3, 4], [5, 6, 0, 7], [9, 11, 12, 8], [13, 10, 14, 15]], [[1, 2, 3, 4], [5, 6, 7, 0], [9, 11, 12, 8], [13, 10, 14, 15]], [[1, 2, 3, 4], [5, 6, 7, 8], [9, 11, 12, 0], [13, 10, 14, 15]]]
----------------children----------------
--> [[1, 2, 3, 4], [5, 6, 7, 8], [9, 11, 0, 12], [13, 10, 14, 15]] --> [[1, 2, 3, 4], [5, 6, 7, 8], [9, 11, 12, 0], [13, 10, 14, 15]]
--path_cost: 7 ,heuristic: 6.0 ,total: 13
--> [[1, 2, 3, 4], [5, 6, 7, 0], [9, 11, 12, 8], [13, 10, 14, 15]] --> [[1, 2, 3, 4], [5, 6, 7, 8], [9, 11, 12, 0], [13, 10, 14, 15]]
--path_cost: 7 ,heuristic: 8.0 ,total: 15
--> [[1, 2, 3, 4], [5, 6, 7, 8], [9, 11, 12, 15], [13, 10, 14, 0]] --> [[1, 2, 3, 4], [5, 6, 7, 8], [9, 11, 12, 0], [13, 10, 14, 15]]
--path_cost: 7 ,heuristic: 6.0 ,total: 13
------------------
at last frontier:
[[1, 2, 3, 4], [5, 6, 12, 7], [9, 11, 0, 8], [13, 10, 14, 15]]
[[1, 2, 3, 4], [5, 6, 0, 7], [9, 11, 12, 8], [13, 10, 14, 15]]
[[1, 2, 3, 0], [5, 6, 7, 4], [9, 11, 12, 8], [13, 10, 14, 15]]
[[1, 2, 3, 4], [5, 11, 6, 7], [9, 0, 12, 8], [13, 10, 14, 15]]
[[1, 2, 3, 4], [9, 5, 6, 7], [0, 11, 12, 8], [13, 10, 14, 15]]
[[2, 3, 0, 4], [1, 5, 6, 7], [9, 11, 12, 8], [13, 10, 14, 15]]
[[1, 2, 3, 4], [5, 0, 6, 7], [9, 11, 12, 8], [13, 10, 14, 15]]
[[1, 2, 0, 4], [5, 6, 3, 7], [9, 11, 12, 8], [13, 10, 14, 15]]
[[2, 5, 3, 4], [1, 0, 6, 7], [9, 11, 12, 8], [13, 10, 14, 15]]
[[2, 0, 3, 4], [1, 5, 6, 7], [9, 11, 12, 8], [13, 10, 14, 15]]
[[1, 2, 3, 4], [0, 5, 6, 7], [9, 11, 12, 8], [13, 10, 14, 15]]
[[1, 0, 3, 4], [5, 2, 6, 7], [9, 11, 12, 8], [13, 10, 14, 15]]
[[1, 2, 3, 4], [5, 6, 7, 8], [9, 11, 0, 12], [13, 10, 14, 15]]
[[1, 2, 3, 4], [5, 6, 7, 0], [9, 11, 12, 8], [13, 10, 14, 15]]
[[1, 2, 3, 4], [5, 6, 7, 8], [9, 11, 12, 15], [13, 10, 14, 0]]
at last explored: [[[2, 0, 3, 4], [1, 5, 6, 7], [9, 11, 12, 8], [13, 10, 14, 15]], [[0, 2, 3, 4], [1, 5, 6, 7], [9, 11, 12, 8], [13, 10, 14, 15]], [[1, 2, 3, 4], [0, 5, 6, 7], [9, 11, 12, 8], [13, 10, 14, 15]], [[1, 2, 3, 4], [5, 0, 6, 7], [9, 11, 12, 8], [13, 10, 14, 15]], [[1, 2, 3, 4], [5, 6, 0, 7], [9, 11, 12, 8], [13, 10, 14, 15]], [[1, 2, 3, 4], [5, 6, 7, 0], [9, 11, 12, 8], [13, 10, 14, 15]], [[1, 2, 3, 4], [5, 6, 7, 8], [9, 11, 12, 0], [13, 10, 14, 15]]]


----------------current Node----------------
[[1, 2, 3, 4], [5, 6, 7, 8], [9, 11, 0, 12], [13, 10, 14, 15]] --path_cost: 7 ,heuristic: 6.0 ,total: 13
frontier len: 14
explored len: 8
explored: [[[2, 0, 3, 4], [1, 5, 6, 7], [9, 11, 12, 8], [13, 10, 14, 15]], [[0, 2, 3, 4], [1, 5, 6, 7], [9, 11, 12, 8], [13, 10, 14, 15]], [[1, 2, 3, 4], [0, 5, 6, 7], [9, 11, 12, 8], [13, 10, 14, 15]], [[1, 2, 3, 4], [5, 0, 6, 7], [9, 11, 12, 8], [13, 10, 14, 15]], [[1, 2, 3, 4], [5, 6, 0, 7], [9, 11, 12, 8], [13, 10, 14, 15]], [[1, 2, 3, 4], [5, 6, 7, 0], [9, 11, 12, 8], [13, 10, 14, 15]], [[1, 2, 3, 4], [5, 6, 7, 8], [9, 11, 12, 0], [13, 10, 14, 15]], [[1, 2, 3, 4], [5, 6, 7, 8], [9, 11, 0, 12], [13, 10, 14, 15]]]
----------------children----------------
--> [[1, 2, 3, 4], [5, 6, 7, 8], [9, 0, 11, 12], [13, 10, 14, 15]] --> [[1, 2, 3, 4], [5, 6, 7, 8], [9, 11, 0, 12], [13, 10, 14, 15]]
--path_cost: 8 ,heuristic: 6.0 ,total: 14
--> [[1, 2, 3, 4], [5, 6, 0, 8], [9, 11, 7, 12], [13, 10, 14, 15]] --> [[1, 2, 3, 4], [5, 6, 7, 8], [9, 11, 0, 12], [13, 10, 14, 15]]
--path_cost: 8 ,heuristic: 8.0 ,total: 16
--> [[1, 2, 3, 4], [5, 6, 7, 8], [9, 11, 12, 0], [13, 10, 14, 15]] --> [[1, 2, 3, 4], [5, 6, 7, 8], [9, 11, 0, 12], [13, 10, 14, 15]]
--path_cost: 8 ,heuristic: 6.0 ,total: 14
--> [[1, 2, 3, 4], [5, 6, 7, 8], [9, 11, 14, 12], [13, 10, 0, 15]] --> [[1, 2, 3, 4], [5, 6, 7, 8], [9, 11, 0, 12], [13, 10, 14, 15]]
--path_cost: 8 ,heuristic: 6.0 ,total: 14
------------------
at last frontier:
[[1, 2, 3, 4], [5, 6, 7, 8], [9, 11, 12, 15], [13, 10, 14, 0]]
[[1, 2, 3, 4], [5, 6, 7, 0], [9, 11, 12, 8], [13, 10, 14, 15]]
[[1, 2, 3, 4], [5, 6, 12, 7], [9, 11, 0, 8], [13, 10, 14, 15]]
[[1, 2, 3, 0], [5, 6, 7, 4], [9, 11, 12, 8], [13, 10, 14, 15]]
[[1, 2, 3, 4], [5, 11, 6, 7], [9, 0, 12, 8], [13, 10, 14, 15]]
[[1, 2, 3, 4], [5, 6, 0, 7], [9, 11, 12, 8], [13, 10, 14, 15]]
[[2, 5, 3, 4], [1, 0, 6, 7], [9, 11, 12, 8], [13, 10, 14, 15]]
[[1, 2, 3, 4], [9, 5, 6, 7], [0, 11, 12, 8], [13, 10, 14, 15]]
[[2, 3, 0, 4], [1, 5, 6, 7], [9, 11, 12, 8], [13, 10, 14, 15]]
[[1, 2, 3, 4], [5, 0, 6, 7], [9, 11, 12, 8], [13, 10, 14, 15]]
[[1, 2, 0, 4], [5, 6, 3, 7], [9, 11, 12, 8], [13, 10, 14, 15]]
[[2, 0, 3, 4], [1, 5, 6, 7], [9, 11, 12, 8], [13, 10, 14, 15]]
[[1, 2, 3, 4], [0, 5, 6, 7], [9, 11, 12, 8], [13, 10, 14, 15]]
[[1, 0, 3, 4], [5, 2, 6, 7], [9, 11, 12, 8], [13, 10, 14, 15]]
[[1, 2, 3, 4], [5, 6, 7, 8], [9, 0, 11, 12], [13, 10, 14, 15]]
[[1, 2, 3, 4], [5, 6, 0, 8], [9, 11, 7, 12], [13, 10, 14, 15]]
[[1, 2, 3, 4], [5, 6, 7, 8], [9, 11, 12, 0], [13, 10, 14, 15]]
[[1, 2, 3, 4], [5, 6, 7, 8], [9, 11, 14, 12], [13, 10, 0, 15]]
at last explored: [[[2, 0, 3, 4], [1, 5, 6, 7], [9, 11, 12, 8], [13, 10, 14, 15]], [[0, 2, 3, 4], [1, 5, 6, 7], [9, 11, 12, 8], [13, 10, 14, 15]], [[1, 2, 3, 4], [0, 5, 6, 7], [9, 11, 12, 8], [13, 10, 14, 15]], [[1, 2, 3, 4], [5, 0, 6, 7], [9, 11, 12, 8], [13, 10, 14, 15]], [[1, 2, 3, 4], [5, 6, 0, 7], [9, 11, 12, 8], [13, 10, 14, 15]], [[1, 2, 3, 4], [5, 6, 7, 0], [9, 11, 12, 8], [13, 10, 14, 15]], [[1, 2, 3, 4], [5, 6, 7, 8], [9, 11, 12, 0], [13, 10, 14, 15]], [[1, 2, 3, 4], [5, 6, 7, 8], [9, 11, 0, 12], [13, 10, 14, 15]]]


----------------current Node----------------
[[1, 2, 3, 4], [5, 6, 7, 8], [9, 11, 12, 15], [13, 10, 14, 0]] --path_cost: 7 ,heuristic: 6.0 ,total: 13
frontier len: 17
explored len: 9
explored: [[[2, 0, 3, 4], [1, 5, 6, 7], [9, 11, 12, 8], [13, 10, 14, 15]], [[0, 2, 3, 4], [1, 5, 6, 7], [9, 11, 12, 8], [13, 10, 14, 15]], [[1, 2, 3, 4], [0, 5, 6, 7], [9, 11, 12, 8], [13, 10, 14, 15]], [[1, 2, 3, 4], [5, 0, 6, 7], [9, 11, 12, 8], [13, 10, 14, 15]], [[1, 2, 3, 4], [5, 6, 0, 7], [9, 11, 12, 8], [13, 10, 14, 15]], [[1, 2, 3, 4], [5, 6, 7, 0], [9, 11, 12, 8], [13, 10, 14, 15]], [[1, 2, 3, 4], [5, 6, 7, 8], [9, 11, 12, 0], [13, 10, 14, 15]], [[1, 2, 3, 4], [5, 6, 7, 8], [9, 11, 0, 12], [13, 10, 14, 15]], [[1, 2, 3, 4], [5, 6, 7, 8], [9, 11, 12, 15], [13, 10, 14, 0]]]
----------------children----------------
--> [[1, 2, 3, 4], [5, 6, 7, 8], [9, 11, 12, 15], [13, 10, 0, 14]] --> [[1, 2, 3, 4], [5, 6, 7, 8], [9, 11, 12, 15], [13, 10, 14, 0]]
--path_cost: 8 ,heuristic: 8.0 ,total: 16
--> [[1, 2, 3, 4], [5, 6, 7, 8], [9, 11, 12, 0], [13, 10, 14, 15]] --> [[1, 2, 3, 4], [5, 6, 7, 8], [9, 11, 12, 15], [13, 10, 14, 0]]
--path_cost: 8 ,heuristic: 6.0 ,total: 14
------------------
at last frontier:
[[1, 2, 3, 4], [5, 6, 7, 8], [9, 0, 11, 12], [13, 10, 14, 15]]
[[1, 2, 3, 4], [5, 6, 7, 8], [9, 11, 12, 0], [13, 10, 14, 15]]
[[1, 2, 3, 4], [5, 6, 7, 8], [9, 11, 14, 12], [13, 10, 0, 15]]
[[1, 2, 3, 4], [5, 6, 7, 0], [9, 11, 12, 8], [13, 10, 14, 15]]
[[1, 2, 3, 4], [5, 6, 12, 7], [9, 11, 0, 8], [13, 10, 14, 15]]
[[1, 2, 3, 4], [5, 11, 6, 7], [9, 0, 12, 8], [13, 10, 14, 15]]
[[1, 2, 3, 4], [5, 6, 0, 8], [9, 11, 7, 12], [13, 10, 14, 15]]
[[1, 2, 3, 4], [5, 6, 0, 7], [9, 11, 12, 8], [13, 10, 14, 15]]
[[1, 2, 3, 0], [5, 6, 7, 4], [9, 11, 12, 8], [13, 10, 14, 15]]
[[2, 5, 3, 4], [1, 0, 6, 7], [9, 11, 12, 8], [13, 10, 14, 15]]
[[1, 2, 3, 4], [9, 5, 6, 7], [0, 11, 12, 8], [13, 10, 14, 15]]
[[2, 3, 0, 4], [1, 5, 6, 7], [9, 11, 12, 8], [13, 10, 14, 15]]
[[1, 2, 3, 4], [5, 0, 6, 7], [9, 11, 12, 8], [13, 10, 14, 15]]
[[1, 2, 0, 4], [5, 6, 3, 7], [9, 11, 12, 8], [13, 10, 14, 15]]
[[1, 2, 3, 4], [0, 5, 6, 7], [9, 11, 12, 8], [13, 10, 14, 15]]
[[1, 0, 3, 4], [5, 2, 6, 7], [9, 11, 12, 8], [13, 10, 14, 15]]
[[2, 0, 3, 4], [1, 5, 6, 7], [9, 11, 12, 8], [13, 10, 14, 15]]
[[1, 2, 3, 4], [5, 6, 7, 8], [9, 11, 12, 15], [13, 10, 0, 14]]
[[1, 2, 3, 4], [5, 6, 7, 8], [9, 11, 12, 0], [13, 10, 14, 15]]
at last explored: [[[2, 0, 3, 4], [1, 5, 6, 7], [9, 11, 12, 8], [13, 10, 14, 15]], [[0, 2, 3, 4], [1, 5, 6, 7], [9, 11, 12, 8], [13, 10, 14, 15]], [[1, 2, 3, 4], [0, 5, 6, 7], [9, 11, 12, 8], [13, 10, 14, 15]], [[1, 2, 3, 4], [5, 0, 6, 7], [9, 11, 12, 8], [13, 10, 14, 15]], [[1, 2, 3, 4], [5, 6, 0, 7], [9, 11, 12, 8], [13, 10, 14, 15]], [[1, 2, 3, 4], [5, 6, 7, 0], [9, 11, 12, 8], [13, 10, 14, 15]], [[1, 2, 3, 4], [5, 6, 7, 8], [9, 11, 12, 0], [13, 10, 14, 15]], [[1, 2, 3, 4], [5, 6, 7, 8], [9, 11, 0, 12], [13, 10, 14, 15]], [[1, 2, 3, 4], [5, 6, 7, 8], [9, 11, 12, 15], [13, 10, 14, 0]]]


----------------current Node----------------
[[1, 2, 3, 4], [5, 6, 7, 8], [9, 11, 12, 0], [13, 10, 14, 15]] --path_cost: 8 ,heuristic: 6.0 ,total: 14
at last frontier:
[[1, 2, 3, 4], [5, 6, 7, 8], [9, 11, 14, 12], [13, 10, 0, 15]]
[[1, 2, 3, 4], [5, 6, 7, 8], [9, 0, 11, 12], [13, 10, 14, 15]]
[[1, 2, 3, 4], [5, 6, 7, 8], [9, 11, 12, 0], [13, 10, 14, 15]]
[[1, 2, 3, 4], [5, 6, 7, 0], [9, 11, 12, 8], [13, 10, 14, 15]]
[[1, 2, 3, 4], [5, 6, 12, 7], [9, 11, 0, 8], [13, 10, 14, 15]]
[[1, 2, 3, 4], [5, 6, 0, 7], [9, 11, 12, 8], [13, 10, 14, 15]]
[[1, 2, 3, 0], [5, 6, 7, 4], [9, 11, 12, 8], [13, 10, 14, 15]]
[[1, 2, 3, 4], [5, 11, 6, 7], [9, 0, 12, 8], [13, 10, 14, 15]]
[[1, 2, 3, 4], [5, 6, 7, 8], [9, 11, 12, 15], [13, 10, 0, 14]]
[[1, 2, 3, 4], [5, 6, 0, 8], [9, 11, 7, 12], [13, 10, 14, 15]]
[[1, 2, 3, 4], [5, 0, 6, 7], [9, 11, 12, 8], [13, 10, 14, 15]]
[[1, 2, 0, 4], [5, 6, 3, 7], [9, 11, 12, 8], [13, 10, 14, 15]]
[[2, 5, 3, 4], [1, 0, 6, 7], [9, 11, 12, 8], [13, 10, 14, 15]]
[[1, 2, 3, 4], [9, 5, 6, 7], [0, 11, 12, 8], [13, 10, 14, 15]]
[[2, 3, 0, 4], [1, 5, 6, 7], [9, 11, 12, 8], [13, 10, 14, 15]]
[[2, 0, 3, 4], [1, 5, 6, 7], [9, 11, 12, 8], [13, 10, 14, 15]]
[[1, 2, 3, 4], [0, 5, 6, 7], [9, 11, 12, 8], [13, 10, 14, 15]]
[[1, 0, 3, 4], [5, 2, 6, 7], [9, 11, 12, 8], [13, 10, 14, 15]]
at last explored: [[[2, 0, 3, 4], [1, 5, 6, 7], [9, 11, 12, 8], [13, 10, 14, 15]], [[0, 2, 3, 4], [1, 5, 6, 7], [9, 11, 12, 8], [13, 10, 14, 15]], [[1, 2, 3, 4], [0, 5, 6, 7], [9, 11, 12, 8], [13, 10, 14, 15]], [[1, 2, 3, 4], [5, 0, 6, 7], [9, 11, 12, 8], [13, 10, 14, 15]], [[1, 2, 3, 4], [5, 6, 0, 7], [9, 11, 12, 8], [13, 10, 14, 15]], [[1, 2, 3, 4], [5, 6, 7, 0], [9, 11, 12, 8], [13, 10, 14, 15]], [[1, 2, 3, 4], [5, 6, 7, 8], [9, 11, 12, 0], [13, 10, 14, 15]], [[1, 2, 3, 4], [5, 6, 7, 8], [9, 11, 0, 12], [13, 10, 14, 15]], [[1, 2, 3, 4], [5, 6, 7, 8], [9, 11, 12, 15], [13, 10, 14, 0]]]


----------------current Node----------------
[[1, 2, 3, 4], [5, 6, 7, 8], [9, 0, 11, 12], [13, 10, 14, 15]] --path_cost: 8 ,heuristic: 6.0 ,total: 14
frontier len: 17
explored len: 10
explored: [[[2, 0, 3, 4], [1, 5, 6, 7], [9, 11, 12, 8], [13, 10, 14, 15]], [[0, 2, 3, 4], [1, 5, 6, 7], [9, 11, 12, 8], [13, 10, 14, 15]], [[1, 2, 3, 4], [0, 5, 6, 7], [9, 11, 12, 8], [13, 10, 14, 15]], [[1, 2, 3, 4], [5, 0, 6, 7], [9, 11, 12, 8], [13, 10, 14, 15]], [[1, 2, 3, 4], [5, 6, 0, 7], [9, 11, 12, 8], [13, 10, 14, 15]], [[1, 2, 3, 4], [5, 6, 7, 0], [9, 11, 12, 8], [13, 10, 14, 15]], [[1, 2, 3, 4], [5, 6, 7, 8], [9, 11, 12, 0], [13, 10, 14, 15]], [[1, 2, 3, 4], [5, 6, 7, 8], [9, 11, 0, 12], [13, 10, 14, 15]], [[1, 2, 3, 4], [5, 6, 7, 8], [9, 11, 12, 15], [13, 10, 14, 0]], [[1, 2, 3, 4], [5, 6, 7, 8], [9, 0, 11, 12], [13, 10, 14, 15]]]
----------------children----------------
--> [[1, 2, 3, 4], [5, 6, 7, 8], [0, 9, 11, 12], [13, 10, 14, 15]] --> [[1, 2, 3, 4], [5, 6, 7, 8], [9, 0, 11, 12], [13, 10, 14, 15]]
--path_cost: 9 ,heuristic: 8.0 ,total: 17
--> [[1, 2, 3, 4], [5, 0, 7, 8], [9, 6, 11, 12], [13, 10, 14, 15]] --> [[1, 2, 3, 4], [5, 6, 7, 8], [9, 0, 11, 12], [13, 10, 14, 15]]
--path_cost: 9 ,heuristic: 8.0 ,total: 17
--> [[1, 2, 3, 4], [5, 6, 7, 8], [9, 11, 0, 12], [13, 10, 14, 15]] --> [[1, 2, 3, 4], [5, 6, 7, 8], [9, 0, 11, 12], [13, 10, 14, 15]]
--path_cost: 9 ,heuristic: 6.0 ,total: 15
--> [[1, 2, 3, 4], [5, 6, 7, 8], [9, 10, 11, 12], [13, 0, 14, 15]] --> [[1, 2, 3, 4], [5, 6, 7, 8], [9, 0, 11, 12], [13, 10, 14, 15]]
--path_cost: 9 ,heuristic: 4.0 ,total: 13
------------------
at last frontier:
[[1, 2, 3, 4], [5, 6, 7, 8], [9, 11, 12, 0], [13, 10, 14, 15]]
[[1, 2, 3, 4], [5, 6, 7, 8], [9, 11, 14, 12], [13, 10, 0, 15]]
[[1, 2, 3, 4], [5, 6, 12, 7], [9, 11, 0, 8], [13, 10, 14, 15]]
[[1, 2, 3, 4], [5, 6, 7, 0], [9, 11, 12, 8], [13, 10, 14, 15]]
[[1, 2, 3, 0], [5, 6, 7, 4], [9, 11, 12, 8], [13, 10, 14, 15]]
[[1, 2, 3, 4], [5, 11, 6, 7], [9, 0, 12, 8], [13, 10, 14, 15]]
[[1, 2, 3, 4], [5, 6, 7, 8], [9, 11, 12, 15], [13, 10, 0, 14]]
[[1, 2, 3, 4], [5, 6, 0, 8], [9, 11, 7, 12], [13, 10, 14, 15]]
[[1, 2, 3, 4], [5, 6, 0, 7], [9, 11, 12, 8], [13, 10, 14, 15]]
[[1, 2, 0, 4], [5, 6, 3, 7], [9, 11, 12, 8], [13, 10, 14, 15]]
[[2, 5, 3, 4], [1, 0, 6, 7], [9, 11, 12, 8], [13, 10, 14, 15]]
[[1, 2, 3, 4], [9, 5, 6, 7], [0, 11, 12, 8], [13, 10, 14, 15]]
[[2, 3, 0, 4], [1, 5, 6, 7], [9, 11, 12, 8], [13, 10, 14, 15]]
[[1, 2, 3, 4], [5, 0, 6, 7], [9, 11, 12, 8], [13, 10, 14, 15]]
[[2, 0, 3, 4], [1, 5, 6, 7], [9, 11, 12, 8], [13, 10, 14, 15]]
[[1, 2, 3, 4], [0, 5, 6, 7], [9, 11, 12, 8], [13, 10, 14, 15]]
[[1, 0, 3, 4], [5, 2, 6, 7], [9, 11, 12, 8], [13, 10, 14, 15]]
[[1, 2, 3, 4], [5, 6, 7, 8], [0, 9, 11, 12], [13, 10, 14, 15]]
[[1, 2, 3, 4], [5, 0, 7, 8], [9, 6, 11, 12], [13, 10, 14, 15]]
[[1, 2, 3, 4], [5, 6, 7, 8], [9, 11, 0, 12], [13, 10, 14, 15]]
[[1, 2, 3, 4], [5, 6, 7, 8], [9, 10, 11, 12], [13, 0, 14, 15]]
at last explored: [[[2, 0, 3, 4], [1, 5, 6, 7], [9, 11, 12, 8], [13, 10, 14, 15]], [[0, 2, 3, 4], [1, 5, 6, 7], [9, 11, 12, 8], [13, 10, 14, 15]], [[1, 2, 3, 4], [0, 5, 6, 7], [9, 11, 12, 8], [13, 10, 14, 15]], [[1, 2, 3, 4], [5, 0, 6, 7], [9, 11, 12, 8], [13, 10, 14, 15]], [[1, 2, 3, 4], [5, 6, 0, 7], [9, 11, 12, 8], [13, 10, 14, 15]], [[1, 2, 3, 4], [5, 6, 7, 0], [9, 11, 12, 8], [13, 10, 14, 15]], [[1, 2, 3, 4], [5, 6, 7, 8], [9, 11, 12, 0], [13, 10, 14, 15]], [[1, 2, 3, 4], [5, 6, 7, 8], [9, 11, 0, 12], [13, 10, 14, 15]], [[1, 2, 3, 4], [5, 6, 7, 8], [9, 11, 12, 15], [13, 10, 14, 0]], [[1, 2, 3, 4], [5, 6, 7, 8], [9, 0, 11, 12], [13, 10, 14, 15]]]


----------------current Node----------------
[[1, 2, 3, 4], [5, 6, 7, 8], [9, 10, 11, 12], [13, 0, 14, 15]] --path_cost: 9 ,heuristic: 4.0 ,total: 13
frontier len: 20
explored len: 11
explored: [[[2, 0, 3, 4], [1, 5, 6, 7], [9, 11, 12, 8], [13, 10, 14, 15]], [[0, 2, 3, 4], [1, 5, 6, 7], [9, 11, 12, 8], [13, 10, 14, 15]], [[1, 2, 3, 4], [0, 5, 6, 7], [9, 11, 12, 8], [13, 10, 14, 15]], [[1, 2, 3, 4], [5, 0, 6, 7], [9, 11, 12, 8], [13, 10, 14, 15]], [[1, 2, 3, 4], [5, 6, 0, 7], [9, 11, 12, 8], [13, 10, 14, 15]], [[1, 2, 3, 4], [5, 6, 7, 0], [9, 11, 12, 8], [13, 10, 14, 15]], [[1, 2, 3, 4], [5, 6, 7, 8], [9, 11, 12, 0], [13, 10, 14, 15]], [[1, 2, 3, 4], [5, 6, 7, 8], [9, 11, 0, 12], [13, 10, 14, 15]], [[1, 2, 3, 4], [5, 6, 7, 8], [9, 11, 12, 15], [13, 10, 14, 0]], [[1, 2, 3, 4], [5, 6, 7, 8], [9, 0, 11, 12], [13, 10, 14, 15]], [[1, 2, 3, 4], [5, 6, 7, 8], [9, 10, 11, 12], [13, 0, 14, 15]]]
----------------children----------------
--> [[1, 2, 3, 4], [5, 6, 7, 8], [9, 10, 11, 12], [0, 13, 14, 15]] --> [[1, 2, 3, 4], [5, 6, 7, 8], [9, 10, 11, 12], [13, 0, 14, 15]]
--path_cost: 10 ,heuristic: 6.0 ,total: 16
--> [[1, 2, 3, 4], [5, 6, 7, 8], [9, 0, 11, 12], [13, 10, 14, 15]] --> [[1, 2, 3, 4], [5, 6, 7, 8], [9, 10, 11, 12], [13, 0, 14, 15]]
--path_cost: 10 ,heuristic: 6.0 ,total: 16
--> [[1, 2, 3, 4], [5, 6, 7, 8], [9, 10, 11, 12], [13, 14, 0, 15]] --> [[1, 2, 3, 4], [5, 6, 7, 8], [9, 10, 11, 12], [13, 0, 14, 15]]
--path_cost: 10 ,heuristic: 2.0 ,total: 12
------------------
at last frontier:
[[1, 2, 3, 4], [5, 6, 7, 8], [9, 11, 12, 0], [13, 10, 14, 15]]
[[1, 2, 3, 4], [5, 6, 7, 8], [9, 11, 14, 12], [13, 10, 0, 15]]
[[1, 2, 3, 4], [5, 6, 12, 7], [9, 11, 0, 8], [13, 10, 14, 15]]
[[1, 2, 3, 4], [5, 6, 7, 8], [9, 11, 0, 12], [13, 10, 14, 15]]
[[1, 2, 3, 4], [5, 6, 7, 0], [9, 11, 12, 8], [13, 10, 14, 15]]
[[1, 2, 3, 4], [5, 6, 0, 8], [9, 11, 7, 12], [13, 10, 14, 15]]
[[1, 2, 3, 4], [5, 6, 0, 7], [9, 11, 12, 8], [13, 10, 14, 15]]
[[1, 2, 3, 0], [5, 6, 7, 4], [9, 11, 12, 8], [13, 10, 14, 15]]
[[1, 2, 3, 4], [5, 11, 6, 7], [9, 0, 12, 8], [13, 10, 14, 15]]
[[1, 2, 3, 4], [5, 6, 7, 8], [9, 11, 12, 15], [13, 10, 0, 14]]
[[2, 3, 0, 4], [1, 5, 6, 7], [9, 11, 12, 8], [13, 10, 14, 15]]
[[1, 2, 3, 4], [5, 0, 6, 7], [9, 11, 12, 8], [13, 10, 14, 15]]
[[1, 2, 0, 4], [5, 6, 3, 7], [9, 11, 12, 8], [13, 10, 14, 15]]
[[1, 2, 3, 4], [5, 6, 7, 8], [0, 9, 11, 12], [13, 10, 14, 15]]
[[1, 2, 3, 4], [5, 0, 7, 8], [9, 6, 11, 12], [13, 10, 14, 15]]
[[2, 5, 3, 4], [1, 0, 6, 7], [9, 11, 12, 8], [13, 10, 14, 15]]
[[1, 2, 3, 4], [9, 5, 6, 7], [0, 11, 12, 8], [13, 10, 14, 15]]
[[1, 2, 3, 4], [0, 5, 6, 7], [9, 11, 12, 8], [13, 10, 14, 15]]
[[1, 0, 3, 4], [5, 2, 6, 7], [9, 11, 12, 8], [13, 10, 14, 15]]
[[2, 0, 3, 4], [1, 5, 6, 7], [9, 11, 12, 8], [13, 10, 14, 15]]
[[1, 2, 3, 4], [5, 6, 7, 8], [9, 10, 11, 12], [0, 13, 14, 15]]
[[1, 2, 3, 4], [5, 6, 7, 8], [9, 0, 11, 12], [13, 10, 14, 15]]
[[1, 2, 3, 4], [5, 6, 7, 8], [9, 10, 11, 12], [13, 14, 0, 15]]
at last explored: [[[2, 0, 3, 4], [1, 5, 6, 7], [9, 11, 12, 8], [13, 10, 14, 15]], [[0, 2, 3, 4], [1, 5, 6, 7], [9, 11, 12, 8], [13, 10, 14, 15]], [[1, 2, 3, 4], [0, 5, 6, 7], [9, 11, 12, 8], [13, 10, 14, 15]], [[1, 2, 3, 4], [5, 0, 6, 7], [9, 11, 12, 8], [13, 10, 14, 15]], [[1, 2, 3, 4], [5, 6, 0, 7], [9, 11, 12, 8], [13, 10, 14, 15]], [[1, 2, 3, 4], [5, 6, 7, 0], [9, 11, 12, 8], [13, 10, 14, 15]], [[1, 2, 3, 4], [5, 6, 7, 8], [9, 11, 12, 0], [13, 10, 14, 15]], [[1, 2, 3, 4], [5, 6, 7, 8], [9, 11, 0, 12], [13, 10, 14, 15]], [[1, 2, 3, 4], [5, 6, 7, 8], [9, 11, 12, 15], [13, 10, 14, 0]], [[1, 2, 3, 4], [5, 6, 7, 8], [9, 0, 11, 12], [13, 10, 14, 15]], [[1, 2, 3, 4], [5, 6, 7, 8], [9, 10, 11, 12], [13, 0, 14, 15]]]


----------------current Node----------------
[[1, 2, 3, 4], [5, 6, 7, 8], [9, 10, 11, 12], [13, 14, 0, 15]] --path_cost: 10 ,heuristic: 2.0 ,total: 12
frontier len: 22
explored len: 12
explored: [[[2, 0, 3, 4], [1, 5, 6, 7], [9, 11, 12, 8], [13, 10, 14, 15]], [[0, 2, 3, 4], [1, 5, 6, 7], [9, 11, 12, 8], [13, 10, 14, 15]], [[1, 2, 3, 4], [0, 5, 6, 7], [9, 11, 12, 8], [13, 10, 14, 15]], [[1, 2, 3, 4], [5, 0, 6, 7], [9, 11, 12, 8], [13, 10, 14, 15]], [[1, 2, 3, 4], [5, 6, 0, 7], [9, 11, 12, 8], [13, 10, 14, 15]], [[1, 2, 3, 4], [5, 6, 7, 0], [9, 11, 12, 8], [13, 10, 14, 15]], [[1, 2, 3, 4], [5, 6, 7, 8], [9, 11, 12, 0], [13, 10, 14, 15]], [[1, 2, 3, 4], [5, 6, 7, 8], [9, 11, 0, 12], [13, 10, 14, 15]], [[1, 2, 3, 4], [5, 6, 7, 8], [9, 11, 12, 15], [13, 10, 14, 0]], [[1, 2, 3, 4], [5, 6, 7, 8], [9, 0, 11, 12], [13, 10, 14, 15]], [[1, 2, 3, 4], [5, 6, 7, 8], [9, 10, 11, 12], [13, 0, 14, 15]], [[1, 2, 3, 4], [5, 6, 7, 8], [9, 10, 11, 12], [13, 14, 0, 15]]]
----------------children----------------
--> [[1, 2, 3, 4], [5, 6, 7, 8], [9, 10, 11, 12], [13, 0, 14, 15]] --> [[1, 2, 3, 4], [5, 6, 7, 8], [9, 10, 11, 12], [13, 14, 0, 15]]
--path_cost: 11 ,heuristic: 4.0 ,total: 15
--> [[1, 2, 3, 4], [5, 6, 7, 8], [9, 10, 0, 12], [13, 14, 11, 15]] --> [[1, 2, 3, 4], [5, 6, 7, 8], [9, 10, 11, 12], [13, 14, 0, 15]]
--path_cost: 11 ,heuristic: 4.0 ,total: 15
--> [[1, 2, 3, 4], [5, 6, 7, 8], [9, 10, 11, 12], [13, 14, 15, 0]] --> [[1, 2, 3, 4], [5, 6, 7, 8], [9, 10, 11, 12], [13, 14, 0, 15]]
--path_cost: 11 ,heuristic: 0.0 ,total: 11
------------------
**********Goal Found.**********
[[1, 2, 3, 4], [5, 6, 7, 8], [9, 10, 11, 12], [13, 14, 15, 0]]
frontier nodes: 24
explored nodes: 12
goal node path cost: 11
[2, 0, 3, 4]
[1, 5, 6, 7]
[9, 11, 12, 8]
[13, 10, 14, 15]
---
[0, 2, 3, 4]
[1, 5, 6, 7]
[9, 11, 12, 8]
[13, 10, 14, 15]
---
[1, 2, 3, 4]
[0, 5, 6, 7]
[9, 11, 12, 8]
[13, 10, 14, 15]
---
[1, 2, 3, 4]
[5, 0, 6, 7]
[9, 11, 12, 8]
[13, 10, 14, 15]
---
[1, 2, 3, 4]
[5, 6, 0, 7]
[9, 11, 12, 8]
[13, 10, 14, 15]
---
[1, 2, 3, 4]
[5, 6, 7, 0]
[9, 11, 12, 8]
[13, 10, 14, 15]
---
[1, 2, 3, 4]
[5, 6, 7, 8]
[9, 11, 12, 0]
[13, 10, 14, 15]
---
[1, 2, 3, 4]
[5, 6, 7, 8]
[9, 11, 0, 12]
[13, 10, 14, 15]
---
[1, 2, 3, 4]
[5, 6, 7, 8]
[9, 0, 11, 12]
[13, 10, 14, 15]
---
[1, 2, 3, 4]
[5, 6, 7, 8]
[9, 10, 11, 12]
[13, 0, 14, 15]
---
[1, 2, 3, 4]
[5, 6, 7, 8]
[9, 10, 11, 12]
[13, 14, 0, 15]
---
[1, 2, 3, 4]
[5, 6, 7, 8]
[9, 10, 11, 12]
[13, 14, 15, 0]
---
end time: 1535344474.8352919
0.03478288650512695
0:00:00 sec
