
SINGLE POINT CROSSOVER:
OUTPUT
	days: 5  slots: 8  rooms: 5
	for each room:totalSlots:  40
	for all rooms: total slots:  200
	--> length of chromosome:  200
	
	[0, 0, 0, 0, 0, 0, 0, 0, 0, 0, 0, 0, 0, 1, 0, 0, 5, 0, 6, 0, 0, 0, 0, 0, 0, 0, 0, 2, 5, 0, 0, 0, 0, 2, 0, 0, 0, 0, 0, 0, 2, 0, 0, 6, 0, 0, 		4, 0, 0, 0, 0, 0, 6, 0, 0, 2, 0, 0, 0, 0, 0, 0, 0, 4, 0, 0, 6, 0, 1, 0, 0, 0, 0, 0, 0, 0, 5, 0, 0, 0, 0, 1, 0, 0, 0, 0, 0, 5, 0, 0, 0, 0, 		0, 4, 0, 0, 0, 2, 0, 3, 0, 0, 0, 0, 0, 0, 0, 0, 0, 0, 0, 4, 0, 0, 0, 0, 0, 0, 0, 0, 0, 0, 0, 0, 0, 0, 0, 0, 0, 0, 0, 0, 0, 0, 0, 5, 0, 0, 		0, 0, 0, 0, 0, 0, 0, 0, 0, 0, 0, 0, 0, 0, 0, 0, 0, 0, 1, 3, 0, 0, 0, 0, 0, 3, 0, 0, 0, 0, 0, 0, 0, 0, 0, 0, 0, 3, 0, 0, 1, 0, 0, 0, 0, 0, 		0, 0, 0, 0, 0, 0, 0, 0, 4, 0, 0, 0, 0, 0, 0, 6]

	0 0 0 0 0 0 0 0  |  0 0 0 0 0 1 0 0  |  5 0 6 0 0 0 0 0  |  0 0 0 2 5 0 0 0  |  0 2 0 0 0 0 0 0  |  
	2 0 0 6 0 0 4 0  |  0 0 0 0 6 0 0 2  |  0 0 0 0 0 0 0 4  |  0 0 6 0 1 0 0 0  |  0 0 0 0 5 0 0 0  |  
	0 1 0 0 0 0 0 5  |  0 0 0 0 0 4 0 0  |  0 2 0 3 0 0 0 0  |  0 0 0 0 0 0 0 4  |  0 0 0 0 0 0 0 0  |  
	0 0 0 0 0 0 0 0  |  0 0 0 0 0 0 0 5  |  0 0 0 0 0 0 0 0  |  0 0 0 0 0 0 0 0  |  0 0 0 0 1 3 0 0  |  
	0 0 0 3 0 0 0 0  |  0 0 0 0 0 0 0 3  |  0 0 1 0 0 0 0 0  |  0 0 0 0 0 0 0 0  |  4 0 0 0 0 0 0 6  |  

	Iterations: 133
	end time: 1539354206.591615
	19.185865879058838
	0:00:19 sec
	
MULTI POINT CROSSOVER:(TWO POINT CROSSOVER)
OUTPUT:
	days: 5  slots: 8  rooms: 5
	for each room:totalSlots:  40
	for all rooms: total slots:  200
	--> length of chromosome:  200

	[0, 0, 0, 0, 0, 0, 0, 0, 0, 0, 0, 0, 0, 0, 0, 0, 0, 0, 0, 0, 4, 2, 0, 3, 0, 0, 0, 0, 0, 2, 0, 0, 0, 0, 0, 0, 0, 0, 0, 0, 0, 5, 0, 		0, 3, 0, 0, 0, 1, 0, 0, 0, 0, 3, 0, 5, 0, 0, 0, 0, 0, 0, 0, 0, 0, 0, 0, 0, 0, 0, 0, 0, 0, 0, 0, 6, 0, 3, 0, 4, 0, 0, 0, 0, 0, 0, 2, 4, 2, 		0, 0, 0, 0, 4, 0, 0, 0, 0, 0, 0, 5, 0, 1, 0, 0, 5, 0, 0, 4, 0, 0, 0, 0, 0, 0, 0, 0, 5, 0, 0, 6, 0, 0, 0, 0, 0, 0, 0, 0, 6, 0, 0, 0, 0, 0, 		0, 0, 0, 6, 0, 0, 0, 0, 0, 6, 0, 0, 0, 0, 1, 0, 0, 1, 0, 0, 2, 0, 0, 0, 0, 0, 2, 0, 4, 3, 4, 6, 5, 0, 5, 4, 1, 0, 5, 5, 4, 6, 3, 4, 3, 1, 		0, 0, 3, 5, 3, 3, 0, 1, 0, 3, 4, 6, 3, 3, 3, 0, 1]

	0 0 0 0 0 0 0 0  |  0 0 0 0 0 0 0 0  |  0 0 0 0 4 2 0 3  |  0 0 0 0 0 2 0 0  |  0 0 0 0 0 0 0 0  |  
	0 5 0 0 3 0 0 0  |  1 0 0 0 0 3 0 5  |  0 0 0 0 0 0 0 0  |  0 0 0 0 0 0 0 0  |  0 0 0 6 0 3 0 4  |  
	0 0 0 0 0 0 2 4  |  2 0 0 0 0 4 0 0  |  0 0 0 0 5 0 1 0  |  0 5 0 0 4 0 0 0  |  0 0 0 0 0 5 0 0  |  
	6 0 0 0 0 0 0 0  |  0 6 0 0 0 0 0 0  |  0 0 6 0 0 0 0 0  |  6 0 0 0 0 1 0 0  |  1 0 0 2 0 0 0 0  |  
	0 2 0 4 3 4 6 5  |  0 5 4 1 0 5 5 4  |  6 3 4 3 1 0 0 3  |  5 3 3 0 1 0 3 4  |  6 3 3 3 0 1 
	
	Iterations: 234
	end time: 1539354332.5494268
	30.900903701782227
	0:00:31 sec
	

UNIFORM CROSSOVER:
OUTPUT:

	days: 5  slots: 8  rooms: 5
	for each room:totalSlots:  40
	for all rooms: total slots:  200
	--> length of chromosome:  200
	
	[0, 0, 0, 0, 0, 1, 6, 0, 0, 0, 0, 2, 0, 0, 0, 0, 0, 5, 0, 0, 0, 0, 0, 0, 4, 0, 0, 0, 0, 0, 0, 0, 0, 0, 0, 0, 0, 0, 0, 0, 0, 3, 0, 0, 0, 0, 		0, 0, 0, 0, 1, 0, 4, 0, 0, 0, 0, 0, 0, 0, 0, 0, 0, 0, 2, 0, 0, 0, 0, 0, 0, 0, 0, 0, 0, 0, 0, 0, 0, 0, 0, 0, 0, 0, 4, 0, 0, 0, 0, 0, 0, 0, 		0, 0, 0, 0, 0, 0, 0, 0, 1, 6, 0, 0, 0, 1, 0, 0, 0, 0, 0, 0, 0, 0, 0, 0, 0, 0, 4, 0, 0, 2, 0, 0, 0, 0, 0, 0, 0, 0, 0, 5, 0, 0, 0, 6, 0, 0, 		2, 0, 0, 0, 0, 0, 0, 0, 0, 0, 5, 0, 6, 0, 0, 0, 0, 3, 0, 0, 0, 0, 0, 0, 5, 0, 0, 0, 0, 0, 0, 0, 0, 0, 0, 0, 0, 3, 0, 0, 0, 0, 0, 3, 0, 0, 		0, 0, 0, 0, 3, 0, 0, 0, 6, 2, 0, 0, 0, 0, 0, 0]

	0 0 0 0 0 1 6 0  |  0 0 0 2 0 0 0 0  |  0 5 0 0 0 0 0 0  |  4 0 0 0 0 0 0 0  |  0 0 0 0 0 0 0 0  |  
	0 3 0 0 0 0 0 0  |  0 0 1 0 4 0 0 0  |  0 0 0 0 0 0 0 0  |  2 0 0 0 0 0 0 0  |  0 0 0 0 0 0 0 0  |  
	0 0 0 0 4 0 0 0  |  0 0 0 0 0 0 0 0  |  0 0 0 0 1 6 0 0  |  0 1 0 0 0 0 0 0  |  0 0 0 0 0 0 4 0  |  
	0 2 0 0 0 0 0 0  |  0 0 0 5 0 0 0 6  |  0 0 2 0 0 0 0 0  |  0 0 0 0 5 0 6 0  |  0 0 0 3 0 0 0 0  |  
	0 0 5 0 0 0 0 0  |  0 0 0 0 0 0 0 3  |  0 0 0 0 0 3 0 0  |  0 0 0 0 3 0 0 0  |  6 2 0 0 0 0 0 0  |  

	Iterations: 152
	end time: 1539354439.0893362
	24.575096130371094
	0:00:25 sec
	
	
	
