
SINGLE POINT CROSSOVER:
OUTPUT
	days: 5  slots: 8  rooms: 5
	for each room:totalSlots:  40
	for all rooms: total slots:  200
	--> length of chromosome:  200
	start_time: 1539354546.5963912
	[0, 3, 0, 0, 5, 0, 0, 0, 0, 0, 0, 4, 0, 0, 6, 0, 0, 0, 0, 0, 2, 0, 0, 0, 0, 1, 0, 0, 4, 0, 5, 0, 0, 0, 5, 6, 0, 0, 0, 0, 0, 0, 6, 0, 0, 0, 		1, 0, 0, 0, 0, 0, 5, 0, 0, 0, 0, 0, 4, 0, 0, 5, 0, 0, 0, 0, 0, 0, 0, 0, 0, 0, 0, 0, 2, 0, 0, 0, 0, 0, 0, 2, 0, 0, 0, 0, 0, 0, 0, 0, 0, 0, 		0, 0, 0, 0, 0, 0, 0, 0, 6, 0, 3, 0, 0, 0, 0, 0, 0, 0, 0, 0, 0, 0, 0, 0, 3, 0, 0, 1, 0, 0, 0, 0, 4, 0, 0, 0, 0, 0, 0, 0, 0, 0, 0, 0, 0, 0, 		0, 0, 0, 0, 0, 0, 3, 0, 0, 0, 0, 0, 0, 0, 0, 0, 0, 0, 4, 0, 0, 0, 0, 0, 0, 0, 0, 0, 0, 0, 0, 1, 0, 0, 0, 0, 0, 0, 0, 0, 1, 0, 0, 0, 0, 0, 		2, 0, 0, 0, 0, 0, 0, 0, 0, 0, 0, 0, 0, 0, 0, 0]

	0 3 0 0 5 0 0 0  |  0 0 0 4 0 0 6 0  |  0 0 0 0 2 0 0 0  |  0 1 0 0 4 0 5 0  |  0 0 5 6 0 0 0 0  |  
	0 0 6 0 0 0 1 0  |  0 0 0 0 5 0 0 0  |  0 0 4 0 0 5 0 0  |  0 0 0 0 0 0 0 0  |  0 0 2 0 0 0 0 0  |  
	0 2 0 0 0 0 0 0  |  0 0 0 0 0 0 0 0  |  0 0 0 0 6 0 3 0  |  0 0 0 0 0 0 0 0  |  0 0 0 0 3 0 0 1  |  
	0 0 0 0 4 0 0 0  |  0 0 0 0 0 0 0 0  |  0 0 0 0 0 0 0 0  |  3 0 0 0 0 0 0 0  |  0 0 0 0 4 0 0 0  |  
	0 0 0 0 0 0 0 0  |  0 1 0 0 0 0 0 0  |  0 0 1 0 0 0 0 0  |  2 0 0 0 0 0 0 0  |  0 0 0 0 0 0 0 0  |  

	Iterations: 125
	end time: 1539354592.701268
	46.10488796234131
	0:00:46 sec
	

MULTI POINT CROSSOVER:(TWO POINT CROSSOVER)
OUTPUT:
	days: 5  slots: 8  rooms: 5
	for each room:totalSlots:  40
	for all rooms: total slots:  200
	--> length of chromosome:  200
	start_time: 1539354709.10129

	[0, 0, 0, 0, 0, 0, 0, 0, 0, 0, 0, 0, 0, 0, 0, 0, 0, 0, 0, 0, 0, 5, 0, 6, 1, 0, 0, 0, 0, 0, 0, 3, 0, 0, 0, 0, 0, 0, 0, 0, 0, 0, 6, 0, 3, 0, 		0, 0, 2, 0, 0, 0, 0, 1, 0, 5, 0, 0, 0, 0, 0, 0, 0, 0, 0, 0, 0, 0, 0, 0, 0, 5, 0, 5, 0, 6, 0, 0, 1, 0, 0, 0, 0, 0, 0, 0, 2, 5, 0, 3, 4, 0, 		0, 0, 0, 0, 0, 0, 0, 4, 2, 1, 0, 0, 0, 0, 0, 0, 6, 0, 2, 0, 0, 0, 3, 0, 0, 0, 0, 2, 0, 0, 4, 0, 0, 0, 1, 0, 6, 0, 0, 0, 0, 0, 0, 0, 0, 0, 		3, 0, 0, 0, 0, 0, 4, 0, 0, 0, 0, 0, 0, 0, 0, 0, 0, 0, 0, 4, 0, 0, 3, 0, 4, 2, 3, 3, 1, 0, 0, 2, 3, 1, 0, 5, 0, 2, 2, 0, 5, 6, 6, 2, 3, 2, 		3, 6, 0, 6, 0, 3, 5, 2, 5, 5, 3, 0, 4, 2]

	0 0 0 0 0 0 0 0  |  0 0 0 0 0 0 0 0  |  0 0 0 0 0 5 0 6  |  1 0 0 0 0 0 0 3  |  0 0 0 0 0 0 0 0  |  
	0 0 6 0 3 0 0 0  |  2 0 0 0 0 1 0 5  |  0 0 0 0 0 0 0 0  |  0 0 0 0 0 0 0 5  |  0 5 0 6 0 0 1 0  |  
	0 0 0 0 0 0 2 5  |  0 3 4 0 0 0 0 0  |  0 0 0 4 2 1 0 0  |  0 0 0 0 6 0 2 0  |  0 0 3 0 0 0 0 2  |  
	0 0 4 0 0 0 1 0  |  6 0 0 0 0 0 0 0  |  0 0 3 0 0 0 0 0  |  4 0 0 0 0 0 0 0  |  0 0 0 0 0 4 0 0  |  
	3 0 4 2 3 3 1 0  |  0 2 3 1 0 5 0 2  |  2 0 5 6 6 2 3 2  |  3 6 0 6 0 3 5 2  |  5 5 3 0 4 2 
	
	Iterations: 176
	end time: 1539354772.6867836
	63.58550477027893
	0:01:04 sec
	

UNIFORM CROSSOVER:
OUTPUT:
	days: 5  slots: 8  rooms: 5
	for each room:totalSlots:  40
	for all rooms: total slots:  200
	--> length of chromosome:  200
	start_time: 1539354913.4773464

	[0, 0, 0, 0, 0, 0, 6, 0, 0, 0, 6, 0, 1, 0, 0, 0, 0, 2, 0, 0, 3, 0, 0, 0, 0, 0, 1, 3, 0, 6, 0, 5, 0, 0, 0, 0, 0, 0, 0, 0, 0, 0, 0, 0, 0, 3, 		2, 0, 0, 0, 4, 0, 0, 0, 0, 0, 0, 0, 0, 0, 0, 4, 0, 0, 0, 0, 0, 0, 0, 0, 0, 0, 0, 0, 0, 1, 0, 0, 0, 0, 0, 0, 1, 0, 0, 0, 0, 0, 0, 0, 3, 2, 		0, 0, 0, 0, 0, 0,0:01:04 sec 0, 0, 6, 5, 0, 0, 0, 0, 0, 0, 0, 0, 0, 0, 0, 0, 0, 0, 0, 0, 5, 0, 0, 0, 0, 5, 0, 0, 0, 4, 5, 0, 0, 0, 0, 0, 0, 0, 0, 0, 		0, 0, 0, 0, 0, 0, 0, 0, 0, 0, 0, 0, 2, 0, 2, 0, 0, 0, 0, 4, 0, 0, 0, 0, 0, 0, 0, 0, 0, 0, 0, 0, 0, 0, 0, 0, 0, 0, 0, 0, 1, 0, 0, 0, 0, 0, 		0, 0, 0, 0, 0, 4, 0, 0, 6, 0, 3, 0, 0, 0, 0, 0]

	0 0 0 0 0 0 6 0  |  0 0 6 0 1 0 0 0  |  0 2 0 0 3 0 0 0  |  0 0 1 3 0 6 0 5  |  0 0 0 0 0 0 0 0  |  
	0 0 0 0 0 3 2 0  |  0 0 4 0 0 0 0 0  |  0 0 0 0 0 4 0 0  |  0 0 0 0 0 0 0 0  |  0 0 0 1 0 0 0 0  |  
	0 0 1 0 0 0 0 0  |  0 0 3 2 0 0 0 0  |  0 0 0 0 6 5 0 0  |  0 0 0 0 0 0 0 0  |  0 0 0 0 0 0 5 0  |  
	0 0 0 5 0 0 0 4  |  5 0 0 0 0 0 0 0  |  0 0 0 0 0 0 0 0  |  0 0 0 0 0 0 2 0  |  2 0 0 0 0 4 0 0  |  
	0 0 0 0 0 0 0 0  |  0 0 0 0 0 0 0 0  |  0 0 1 0 0 0 0 0  |  0 0 0 0 0 4 0 0  |  6 0 3 0 0 0 0 0  |  

	c 6 5
	Iterations: 145
	end time: 1539354967.7166195
	54.23928427696228
	0:00:54 sec

	
