start_time: 1535344064.4323668
enter n:enter puzzle elements row wise:
enter element a[ 0 ][ 0 ]:enter element a[ 0 ][ 1 ]:enter element a[ 0 ][ 2 ]:enter element a[ 0 ][ 3 ]:enter element a[ 1 ][ 0 ]:enter element a[ 1 ][ 1 ]:enter element a[ 1 ][ 2 ]:enter element a[ 1 ][ 3 ]:enter element a[ 2 ][ 0 ]:enter element a[ 2 ][ 1 ]:enter element a[ 2 ][ 2 ]:enter element a[ 2 ][ 3 ]:enter element a[ 3 ][ 0 ]:enter element a[ 3 ][ 1 ]:enter element a[ 3 ][ 2 ]:enter element a[ 3 ][ 3 ]:[[2, 0, 3, 4], [1, 5, 6, 7], [9, 11, 12, 8], [13, 10, 14, 15]]
[2, 0, 3, 4]
[1, 5, 6, 7]
[9, 11, 12, 8]
[13, 10, 14, 15]
Initial state:
[2, 0, 3, 4]
[1, 5, 6, 7]
[9, 11, 12, 8]
[13, 10, 14, 15]
In PuzzleBFS....
[[2, 0, 3, 4], [1, 5, 6, 7], [9, 11, 12, 8], [13, 10, 14, 15]]
==
----------------current Node----------------
[[2, 0, 3, 4], [1, 5, 6, 7], [9, 11, 12, 8], [13, 10, 14, 15]]
frontier: 0
explored: 1
#children: 3


----------------current Node----------------
[[2, 5, 3, 4], [1, 0, 6, 7], [9, 11, 12, 8], [13, 10, 14, 15]]
frontier: 2
explored: 2
#children: 4


----------------current Node----------------
[[2, 5, 3, 4], [1, 11, 6, 7], [9, 0, 12, 8], [13, 10, 14, 15]]
frontier: 5
explored: 3
#children: 4


----------------current Node----------------
[[2, 5, 3, 4], [1, 11, 6, 7], [9, 10, 12, 8], [13, 0, 14, 15]]
frontier: 8
explored: 4
#children: 3


----------------current Node----------------
[[2, 5, 3, 4], [1, 11, 6, 7], [9, 0, 12, 8], [13, 10, 14, 15]]
----------------current Node----------------
[[2, 5, 3, 4], [1, 11, 6, 7], [9, 10, 12, 8], [0, 13, 14, 15]]
frontier: 9
explored: 5
#children: 2


----------------current Node----------------
[[2, 5, 3, 4], [1, 11, 6, 7], [0, 10, 12, 8], [9, 13, 14, 15]]
frontier: 10
explored: 6
#children: 3


----------------current Node----------------
[[2, 5, 3, 4], [1, 11, 6, 7], [9, 10, 12, 8], [0, 13, 14, 15]]
----------------current Node----------------
[[2, 5, 3, 4], [0, 11, 6, 7], [1, 10, 12, 8], [9, 13, 14, 15]]
frontier: 11
explored: 7
#children: 3


----------------current Node----------------
[[2, 5, 3, 4], [1, 11, 6, 7], [0, 10, 12, 8], [9, 13, 14, 15]]
----------------current Node----------------
[[0, 5, 3, 4], [2, 11, 6, 7], [1, 10, 12, 8], [9, 13, 14, 15]]
frontier: 12
explored: 8
#children: 2


----------------current Node----------------
[[2, 5, 3, 4], [0, 11, 6, 7], [1, 10, 12, 8], [9, 13, 14, 15]]
----------------current Node----------------
[[5, 0, 3, 4], [2, 11, 6, 7], [1, 10, 12, 8], [9, 13, 14, 15]]
frontier: 12
explored: 9
#children: 3


----------------current Node----------------
[[5, 11, 3, 4], [2, 0, 6, 7], [1, 10, 12, 8], [9, 13, 14, 15]]
frontier: 14
explored: 10
#children: 4


----------------current Node----------------
[[5, 11, 3, 4], [2, 10, 6, 7], [1, 0, 12, 8], [9, 13, 14, 15]]
frontier: 17
explored: 11
#children: 4


----------------current Node----------------
[[5, 11, 3, 4], [2, 10, 6, 7], [1, 13, 12, 8], [9, 0, 14, 15]]
frontier: 20
explored: 12
#children: 3


----------------current Node----------------
[[5, 11, 3, 4], [2, 10, 6, 7], [1, 0, 12, 8], [9, 13, 14, 15]]
----------------current Node----------------
[[5, 11, 3, 4], [2, 10, 6, 7], [1, 13, 12, 8], [0, 9, 14, 15]]
frontier: 21
explored: 13
#children: 2


----------------current Node----------------
[[5, 11, 3, 4], [2, 10, 6, 7], [0, 13, 12, 8], [1, 9, 14, 15]]
frontier: 22
explored: 14
#children: 3


----------------current Node----------------
[[5, 11, 3, 4], [2, 10, 6, 7], [1, 13, 12, 8], [0, 9, 14, 15]]
----------------current Node----------------
[[5, 11, 3, 4], [0, 10, 6, 7], [2, 13, 12, 8], [1, 9, 14, 15]]
frontier: 23
explored: 15
#children: 3


----------------current Node----------------
[[5, 11, 3, 4], [2, 10, 6, 7], [0, 13, 12, 8], [1, 9, 14, 15]]
----------------current Node----------------
[[0, 11, 3, 4], [5, 10, 6, 7], [2, 13, 12, 8], [1, 9, 14, 15]]
frontier: 24
explored: 16
#children: 2


----------------current Node----------------
[[5, 11, 3, 4], [0, 10, 6, 7], [2, 13, 12, 8], [1, 9, 14, 15]]
----------------current Node----------------
[[11, 0, 3, 4], [5, 10, 6, 7], [2, 13, 12, 8], [1, 9, 14, 15]]
frontier: 24
explored: 17
#children: 3


----------------current Node----------------
[[11, 10, 3, 4], [5, 0, 6, 7], [2, 13, 12, 8], [1, 9, 14, 15]]
frontier: 26
explored: 18
#children: 4


----------------current Node----------------
[[11, 10, 3, 4], [5, 13, 6, 7], [2, 0, 12, 8], [1, 9, 14, 15]]
frontier: 29
explored: 19
#children: 4


----------------current Node----------------
[[11, 10, 3, 4], [5, 13, 6, 7], [2, 9, 12, 8], [1, 0, 14, 15]]
frontier: 32
explored: 20
#children: 3


----------------current Node----------------
[[11, 10, 3, 4], [5, 13, 6, 7], [2, 0, 12, 8], [1, 9, 14, 15]]
----------------current Node----------------
[[11, 10, 3, 4], [5, 13, 6, 7], [2, 9, 12, 8], [0, 1, 14, 15]]
frontier: 33
explored: 21
#children: 2


----------------current Node----------------
[[11, 10, 3, 4], [5, 13, 6, 7], [0, 9, 12, 8], [2, 1, 14, 15]]
frontier: 34
explored: 22
#children: 3


----------------current Node----------------
[[11, 10, 3, 4], [5, 13, 6, 7], [2, 9, 12, 8], [0, 1, 14, 15]]
----------------current Node----------------
[[11, 10, 3, 4], [0, 13, 6, 7], [5, 9, 12, 8], [2, 1, 14, 15]]
frontier: 35
explored: 23
#children: 3


----------------current Node----------------
[[11, 10, 3, 4], [5, 13, 6, 7], [0, 9, 12, 8], [2, 1, 14, 15]]
----------------current Node----------------
[[0, 10, 3, 4], [11, 13, 6, 7], [5, 9, 12, 8], [2, 1, 14, 15]]
frontier: 36
explored: 24
#children: 2


----------------current Node----------------
[[11, 10, 3, 4], [0, 13, 6, 7], [5, 9, 12, 8], [2, 1, 14, 15]]
----------------current Node----------------
[[10, 0, 3, 4], [11, 13, 6, 7], [5, 9, 12, 8], [2, 1, 14, 15]]
frontier: 36
explored: 25
#children: 3


----------------current Node----------------
[[10, 13, 3, 4], [11, 0, 6, 7], [5, 9, 12, 8], [2, 1, 14, 15]]
frontier: 38
explored: 26
#children: 4


----------------current Node----------------
[[10, 13, 3, 4], [11, 9, 6, 7], [5, 0, 12, 8], [2, 1, 14, 15]]
frontier: 41
explored: 27
#children: 4


----------------current Node----------------
[[10, 13, 3, 4], [11, 9, 6, 7], [5, 1, 12, 8], [2, 0, 14, 15]]
frontier: 44
explored: 28
#children: 3


----------------current Node----------------
[[10, 13, 3, 4], [11, 9, 6, 7], [5, 0, 12, 8], [2, 1, 14, 15]]
----------------current Node----------------
[[10, 13, 3, 4], [11, 9, 6, 7], [5, 1, 12, 8], [0, 2, 14, 15]]
frontier: 45
explored: 29
#children: 2


----------------current Node----------------
[[10, 13, 3, 4], [11, 9, 6, 7], [0, 1, 12, 8], [5, 2, 14, 15]]
frontier: 46
explored: 30
#children: 3


----------------current Node----------------
[[10, 13, 3, 4], [11, 9, 6, 7], [5, 1, 12, 8], [0, 2, 14, 15]]
----------------current Node----------------
[[10, 13, 3, 4], [0, 9, 6, 7], [11, 1, 12, 8], [5, 2, 14, 15]]
frontier: 47
explored: 31
#children: 3


----------------current Node----------------
[[10, 13, 3, 4], [11, 9, 6, 7], [0, 1, 12, 8], [5, 2, 14, 15]]
----------------current Node----------------
[[0, 13, 3, 4], [10, 9, 6, 7], [11, 1, 12, 8], [5, 2, 14, 15]]
frontier: 48
explored: 32
#children: 2


----------------current Node----------------
[[10, 13, 3, 4], [0, 9, 6, 7], [11, 1, 12, 8], [5, 2, 14, 15]]
----------------current Node----------------
[[13, 0, 3, 4], [10, 9, 6, 7], [11, 1, 12, 8], [5, 2, 14, 15]]
frontier: 48
explored: 33
#children: 3


----------------current Node----------------
[[13, 9, 3, 4], [10, 0, 6, 7], [11, 1, 12, 8], [5, 2, 14, 15]]
frontier: 50
explored: 34
#children: 4


----------------current Node----------------
[[13, 9, 3, 4], [10, 1, 6, 7], [11, 0, 12, 8], [5, 2, 14, 15]]
frontier: 53
explored: 35
#children: 4


----------------current Node----------------
[[13, 9, 3, 4], [10, 1, 6, 7], [11, 2, 12, 8], [5, 0, 14, 15]]
frontier: 56
explored: 36
#children: 3


----------------current Node----------------
[[13, 9, 3, 4], [10, 1, 6, 7], [11, 0, 12, 8], [5, 2, 14, 15]]
----------------current Node----------------
[[13, 9, 3, 4], [10, 1, 6, 7], [11, 2, 12, 8], [0, 5, 14, 15]]
frontier: 57
explored: 37
#children: 2


----------------current Node----------------
[[13, 9, 3, 4], [10, 1, 6, 7], [0, 2, 12, 8], [11, 5, 14, 15]]
frontier: 58
explored: 38
#children: 3


----------------current Node----------------
[[13, 9, 3, 4], [10, 1, 6, 7], [11, 2, 12, 8], [0, 5, 14, 15]]
----------------current Node----------------
[[13, 9, 3, 4], [0, 1, 6, 7], [10, 2, 12, 8], [11, 5, 14, 15]]
frontier: 59
explored: 39
#children: 3


----------------current Node----------------
[[13, 9, 3, 4], [10, 1, 6, 7], [0, 2, 12, 8], [11, 5, 14, 15]]
----------------current Node----------------
[[0, 9, 3, 4], [13, 1, 6, 7], [10, 2, 12, 8], [11, 5, 14, 15]]
frontier: 60
explored: 40
#children: 2


----------------current Node----------------
[[13, 9, 3, 4], [0, 1, 6, 7], [10, 2, 12, 8], [11, 5, 14, 15]]
----------------current Node----------------
[[9, 0, 3, 4], [13, 1, 6, 7], [10, 2, 12, 8], [11, 5, 14, 15]]
frontier: 60
explored: 41
#children: 3


----------------current Node----------------
[[9, 1, 3, 4], [13, 0, 6, 7], [10, 2, 12, 8], [11, 5, 14, 15]]
frontier: 62
explored: 42
#children: 4


----------------current Node----------------
[[9, 1, 3, 4], [13, 2, 6, 7], [10, 0, 12, 8], [11, 5, 14, 15]]
frontier: 65
explored: 43
#children: 4


----------------current Node----------------
[[9, 1, 3, 4], [13, 2, 6, 7], [10, 5, 12, 8], [11, 0, 14, 15]]
frontier: 68
explored: 44
#children: 3


----------------current Node----------------
[[9, 1, 3, 4], [13, 2, 6, 7], [10, 0, 12, 8], [11, 5, 14, 15]]
----------------current Node----------------
[[9, 1, 3, 4], [13, 2, 6, 7], [10, 5, 12, 8], [0, 11, 14, 15]]
frontier: 69
explored: 45
#children: 2


----------------current Node----------------
[[9, 1, 3, 4], [13, 2, 6, 7], [0, 5, 12, 8], [10, 11, 14, 15]]
frontier: 70
explored: 46
#children: 3


----------------current Node----------------
[[9, 1, 3, 4], [13, 2, 6, 7], [10, 5, 12, 8], [0, 11, 14, 15]]
----------------current Node----------------
[[9, 1, 3, 4], [0, 2, 6, 7], [13, 5, 12, 8], [10, 11, 14, 15]]
frontier: 71
explored: 47
#children: 3


----------------current Node----------------
[[9, 1, 3, 4], [13, 2, 6, 7], [0, 5, 12, 8], [10, 11, 14, 15]]
----------------current Node----------------
[[0, 1, 3, 4], [9, 2, 6, 7], [13, 5, 12, 8], [10, 11, 14, 15]]
frontier: 72
explored: 48
#children: 2


----------------current Node----------------
[[9, 1, 3, 4], [0, 2, 6, 7], [13, 5, 12, 8], [10, 11, 14, 15]]
----------------current Node----------------
[[1, 0, 3, 4], [9, 2, 6, 7], [13, 5, 12, 8], [10, 11, 14, 15]]
frontier: 72
explored: 49
#children: 3


----------------current Node----------------
[[1, 2, 3, 4], [9, 0, 6, 7], [13, 5, 12, 8], [10, 11, 14, 15]]
frontier: 74
explored: 50
#children: 4


----------------current Node----------------
[[1, 2, 3, 4], [9, 5, 6, 7], [13, 0, 12, 8], [10, 11, 14, 15]]
frontier: 77
explored: 51
#children: 4


----------------current Node----------------
[[1, 2, 3, 4], [9, 5, 6, 7], [13, 11, 12, 8], [10, 0, 14, 15]]
frontier: 80
explored: 52
#children: 3


----------------current Node----------------
[[1, 2, 3, 4], [9, 5, 6, 7], [13, 0, 12, 8], [10, 11, 14, 15]]
----------------current Node----------------
[[1, 2, 3, 4], [9, 5, 6, 7], [13, 11, 12, 8], [0, 10, 14, 15]]
frontier: 81
explored: 53
#children: 2


----------------current Node----------------
[[1, 2, 3, 4], [9, 5, 6, 7], [0, 11, 12, 8], [13, 10, 14, 15]]
frontier: 82
explored: 54
#children: 3


----------------current Node----------------
[[1, 2, 3, 4], [9, 5, 6, 7], [13, 11, 12, 8], [0, 10, 14, 15]]
----------------current Node----------------
[[1, 2, 3, 4], [0, 5, 6, 7], [9, 11, 12, 8], [13, 10, 14, 15]]
frontier: 83
explored: 55
#children: 3


----------------current Node----------------
[[1, 2, 3, 4], [9, 5, 6, 7], [0, 11, 12, 8], [13, 10, 14, 15]]
----------------current Node----------------
[[0, 2, 3, 4], [1, 5, 6, 7], [9, 11, 12, 8], [13, 10, 14, 15]]
frontier: 84
explored: 56
#children: 2


----------------current Node----------------
[[1, 2, 3, 4], [0, 5, 6, 7], [9, 11, 12, 8], [13, 10, 14, 15]]
----------------current Node----------------
[[2, 0, 3, 4], [1, 5, 6, 7], [9, 11, 12, 8], [13, 10, 14, 15]]
----------------current Node----------------
[[1, 2, 3, 4], [5, 0, 6, 7], [9, 11, 12, 8], [13, 10, 14, 15]]
frontier: 83
explored: 57
#children: 4


----------------current Node----------------
[[1, 2, 3, 4], [5, 11, 6, 7], [9, 0, 12, 8], [13, 10, 14, 15]]
frontier: 86
explored: 58
#children: 4


----------------current Node----------------
[[1, 2, 3, 4], [5, 11, 6, 7], [9, 10, 12, 8], [13, 0, 14, 15]]
frontier: 89
explored: 59
#children: 3


----------------current Node----------------
[[1, 2, 3, 4], [5, 11, 6, 7], [9, 0, 12, 8], [13, 10, 14, 15]]
----------------current Node----------------
[[1, 2, 3, 4], [5, 11, 6, 7], [9, 10, 12, 8], [0, 13, 14, 15]]
frontier: 90
explored: 60
#children: 2


----------------current Node----------------
[[1, 2, 3, 4], [5, 11, 6, 7], [0, 10, 12, 8], [9, 13, 14, 15]]
frontier: 91
explored: 61
#children: 3


----------------current Node----------------
[[1, 2, 3, 4], [5, 11, 6, 7], [9, 10, 12, 8], [0, 13, 14, 15]]
----------------current Node----------------
[[1, 2, 3, 4], [0, 11, 6, 7], [5, 10, 12, 8], [9, 13, 14, 15]]
frontier: 92
explored: 62
#children: 3


----------------current Node----------------
[[1, 2, 3, 4], [5, 11, 6, 7], [0, 10, 12, 8], [9, 13, 14, 15]]
----------------current Node----------------
[[0, 2, 3, 4], [1, 11, 6, 7], [5, 10, 12, 8], [9, 13, 14, 15]]
frontier: 93
explored: 63
#children: 2


----------------current Node----------------
[[1, 2, 3, 4], [0, 11, 6, 7], [5, 10, 12, 8], [9, 13, 14, 15]]
----------------current Node----------------
[[2, 0, 3, 4], [1, 11, 6, 7], [5, 10, 12, 8], [9, 13, 14, 15]]
frontier: 93
explored: 64
#children: 3


----------------current Node----------------
[[2, 11, 3, 4], [1, 0, 6, 7], [5, 10, 12, 8], [9, 13, 14, 15]]
frontier: 95
explored: 65
#children: 4


----------------current Node----------------
[[2, 11, 3, 4], [1, 10, 6, 7], [5, 0, 12, 8], [9, 13, 14, 15]]
frontier: 98
explored: 66
#children: 4


----------------current Node----------------
[[2, 11, 3, 4], [1, 10, 6, 7], [5, 13, 12, 8], [9, 0, 14, 15]]
frontier: 101
explored: 67
#children: 3


----------------current Node----------------
[[2, 11, 3, 4], [1, 10, 6, 7], [5, 0, 12, 8], [9, 13, 14, 15]]
----------------current Node----------------
[[2, 11, 3, 4], [1, 10, 6, 7], [5, 13, 12, 8], [0, 9, 14, 15]]
frontier: 102
explored: 68
#children: 2


----------------current Node----------------
[[2, 11, 3, 4], [1, 10, 6, 7], [0, 13, 12, 8], [5, 9, 14, 15]]
frontier: 103
explored: 69
#children: 3


----------------current Node----------------
[[2, 11, 3, 4], [1, 10, 6, 7], [5, 13, 12, 8], [0, 9, 14, 15]]
----------------current Node----------------
[[2, 11, 3, 4], [0, 10, 6, 7], [1, 13, 12, 8], [5, 9, 14, 15]]
frontier: 104
explored: 70
#children: 3


----------------current Node----------------
[[2, 11, 3, 4], [1, 10, 6, 7], [0, 13, 12, 8], [5, 9, 14, 15]]
----------------current Node----------------
[[0, 11, 3, 4], [2, 10, 6, 7], [1, 13, 12, 8], [5, 9, 14, 15]]
frontier: 105
explored: 71
#children: 2


----------------current Node----------------
[[2, 11, 3, 4], [0, 10, 6, 7], [1, 13, 12, 8], [5, 9, 14, 15]]
----------------current Node----------------
[[11, 0, 3, 4], [2, 10, 6, 7], [1, 13, 12, 8], [5, 9, 14, 15]]
frontier: 105
explored: 72
#children: 3


----------------current Node----------------
[[11, 10, 3, 4], [2, 0, 6, 7], [1, 13, 12, 8], [5, 9, 14, 15]]
frontier: 107
explored: 73
#children: 4


----------------current Node----------------
[[11, 10, 3, 4], [2, 13, 6, 7], [1, 0, 12, 8], [5, 9, 14, 15]]
frontier: 110
explored: 74
#children: 4


----------------current Node----------------
[[11, 10, 3, 4], [2, 13, 6, 7], [1, 9, 12, 8], [5, 0, 14, 15]]
frontier: 113
explored: 75
#children: 3


----------------current Node----------------
[[11, 10, 3, 4], [2, 13, 6, 7], [1, 0, 12, 8], [5, 9, 14, 15]]
----------------current Node----------------
[[11, 10, 3, 4], [2, 13, 6, 7], [1, 9, 12, 8], [0, 5, 14, 15]]
frontier: 114
explored: 76
#children: 2


----------------current Node----------------
[[11, 10, 3, 4], [2, 13, 6, 7], [0, 9, 12, 8], [1, 5, 14, 15]]
frontier: 115
explored: 77
#children: 3


----------------current Node----------------
[[11, 10, 3, 4], [2, 13, 6, 7], [1, 9, 12, 8], [0, 5, 14, 15]]
----------------current Node----------------
[[11, 10, 3, 4], [0, 13, 6, 7], [2, 9, 12, 8], [1, 5, 14, 15]]
frontier: 116
explored: 78
#children: 3


----------------current Node----------------
[[11, 10, 3, 4], [2, 13, 6, 7], [0, 9, 12, 8], [1, 5, 14, 15]]
----------------current Node----------------
[[0, 10, 3, 4], [11, 13, 6, 7], [2, 9, 12, 8], [1, 5, 14, 15]]
frontier: 117
explored: 79
#children: 2


----------------current Node----------------
[[11, 10, 3, 4], [0, 13, 6, 7], [2, 9, 12, 8], [1, 5, 14, 15]]
----------------current Node----------------
[[10, 0, 3, 4], [11, 13, 6, 7], [2, 9, 12, 8], [1, 5, 14, 15]]
frontier: 117
explored: 80
#children: 3


----------------current Node----------------
[[10, 13, 3, 4], [11, 0, 6, 7], [2, 9, 12, 8], [1, 5, 14, 15]]
frontier: 119
explored: 81
#children: 4


----------------current Node----------------
[[10, 13, 3, 4], [11, 9, 6, 7], [2, 0, 12, 8], [1, 5, 14, 15]]
frontier: 122
explored: 82
#children: 4


----------------current Node----------------
[[10, 13, 3, 4], [11, 9, 6, 7], [2, 5, 12, 8], [1, 0, 14, 15]]
frontier: 125
explored: 83
#children: 3


----------------current Node----------------
[[10, 13, 3, 4], [11, 9, 6, 7], [2, 0, 12, 8], [1, 5, 14, 15]]
----------------current Node----------------
[[10, 13, 3, 4], [11, 9, 6, 7], [2, 5, 12, 8], [0, 1, 14, 15]]
frontier: 126
explored: 84
#children: 2


----------------current Node----------------
[[10, 13, 3, 4], [11, 9, 6, 7], [0, 5, 12, 8], [2, 1, 14, 15]]
frontier: 127
explored: 85
#children: 3


----------------current Node----------------
[[10, 13, 3, 4], [11, 9, 6, 7], [2, 5, 12, 8], [0, 1, 14, 15]]
----------------current Node----------------
[[10, 13, 3, 4], [0, 9, 6, 7], [11, 5, 12, 8], [2, 1, 14, 15]]
frontier: 128
explored: 86
#children: 3


----------------current Node----------------
[[10, 13, 3, 4], [11, 9, 6, 7], [0, 5, 12, 8], [2, 1, 14, 15]]
----------------current Node----------------
[[0, 13, 3, 4], [10, 9, 6, 7], [11, 5, 12, 8], [2, 1, 14, 15]]
frontier: 129
explored: 87
#children: 2


----------------current Node----------------
[[10, 13, 3, 4], [0, 9, 6, 7], [11, 5, 12, 8], [2, 1, 14, 15]]
----------------current Node----------------
[[13, 0, 3, 4], [10, 9, 6, 7], [11, 5, 12, 8], [2, 1, 14, 15]]
frontier: 129
explored: 88
#children: 3


----------------current Node----------------
[[13, 9, 3, 4], [10, 0, 6, 7], [11, 5, 12, 8], [2, 1, 14, 15]]
frontier: 131
explored: 89
#children: 4


----------------current Node----------------
[[13, 9, 3, 4], [10, 5, 6, 7], [11, 0, 12, 8], [2, 1, 14, 15]]
frontier: 134
explored: 90
#children: 4


----------------current Node----------------
[[13, 9, 3, 4], [10, 5, 6, 7], [11, 1, 12, 8], [2, 0, 14, 15]]
frontier: 137
explored: 91
#children: 3


----------------current Node----------------
[[13, 9, 3, 4], [10, 5, 6, 7], [11, 0, 12, 8], [2, 1, 14, 15]]
----------------current Node----------------
[[13, 9, 3, 4], [10, 5, 6, 7], [11, 1, 12, 8], [0, 2, 14, 15]]
frontier: 138
explored: 92
#children: 2


----------------current Node----------------
[[13, 9, 3, 4], [10, 5, 6, 7], [0, 1, 12, 8], [11, 2, 14, 15]]
frontier: 139
explored: 93
#children: 3


----------------current Node----------------
[[13, 9, 3, 4], [10, 5, 6, 7], [11, 1, 12, 8], [0, 2, 14, 15]]
----------------current Node----------------
[[13, 9, 3, 4], [0, 5, 6, 7], [10, 1, 12, 8], [11, 2, 14, 15]]
frontier: 140
explored: 94
#children: 3


----------------current Node----------------
[[13, 9, 3, 4], [10, 5, 6, 7], [0, 1, 12, 8], [11, 2, 14, 15]]
----------------current Node----------------
[[0, 9, 3, 4], [13, 5, 6, 7], [10, 1, 12, 8], [11, 2, 14, 15]]
frontier: 141
explored: 95
#children: 2


----------------current Node----------------
[[13, 9, 3, 4], [0, 5, 6, 7], [10, 1, 12, 8], [11, 2, 14, 15]]
----------------current Node----------------
[[9, 0, 3, 4], [13, 5, 6, 7], [10, 1, 12, 8], [11, 2, 14, 15]]
frontier: 141
explored: 96
#children: 3


----------------current Node----------------
[[9, 5, 3, 4], [13, 0, 6, 7], [10, 1, 12, 8], [11, 2, 14, 15]]
frontier: 143
explored: 97
#children: 4


----------------current Node----------------
[[9, 5, 3, 4], [13, 1, 6, 7], [10, 0, 12, 8], [11, 2, 14, 15]]
frontier: 146
explored: 98
#children: 4


----------------current Node----------------
[[9, 5, 3, 4], [13, 1, 6, 7], [10, 2, 12, 8], [11, 0, 14, 15]]
frontier: 149
explored: 99
#children: 3


----------------current Node----------------
[[9, 5, 3, 4], [13, 1, 6, 7], [10, 0, 12, 8], [11, 2, 14, 15]]
----------------current Node----------------
[[9, 5, 3, 4], [13, 1, 6, 7], [10, 2, 12, 8], [0, 11, 14, 15]]
frontier: 150
explored: 100
#children: 2


----------------current Node----------------
[[9, 5, 3, 4], [13, 1, 6, 7], [0, 2, 12, 8], [10, 11, 14, 15]]
frontier: 151
explored: 101
#children: 3


----------------current Node----------------
[[9, 5, 3, 4], [13, 1, 6, 7], [10, 2, 12, 8], [0, 11, 14, 15]]
----------------current Node----------------
[[9, 5, 3, 4], [0, 1, 6, 7], [13, 2, 12, 8], [10, 11, 14, 15]]
frontier: 152
explored: 102
#children: 3


----------------current Node----------------
[[9, 5, 3, 4], [13, 1, 6, 7], [0, 2, 12, 8], [10, 11, 14, 15]]
----------------current Node----------------
[[0, 5, 3, 4], [9, 1, 6, 7], [13, 2, 12, 8], [10, 11, 14, 15]]
frontier: 153
explored: 103
#children: 2


----------------current Node----------------
[[9, 5, 3, 4], [0, 1, 6, 7], [13, 2, 12, 8], [10, 11, 14, 15]]
----------------current Node----------------
[[5, 0, 3, 4], [9, 1, 6, 7], [13, 2, 12, 8], [10, 11, 14, 15]]
frontier: 153
explored: 104
#children: 3


----------------current Node----------------
[[5, 1, 3, 4], [9, 0, 6, 7], [13, 2, 12, 8], [10, 11, 14, 15]]
frontier: 155
explored: 105
#children: 4


----------------current Node----------------
[[5, 1, 3, 4], [9, 2, 6, 7], [13, 0, 12, 8], [10, 11, 14, 15]]
frontier: 158
explored: 106
#children: 4


----------------current Node----------------
[[5, 1, 3, 4], [9, 2, 6, 7], [13, 11, 12, 8], [10, 0, 14, 15]]
frontier: 161
explored: 107
#children: 3


----------------current Node----------------
[[5, 1, 3, 4], [9, 2, 6, 7], [13, 0, 12, 8], [10, 11, 14, 15]]
----------------current Node----------------
[[5, 1, 3, 4], [9, 2, 6, 7], [13, 11, 12, 8], [0, 10, 14, 15]]
frontier: 162
explored: 108
#children: 2


----------------current Node----------------
[[5, 1, 3, 4], [9, 2, 6, 7], [0, 11, 12, 8], [13, 10, 14, 15]]
frontier: 163
explored: 109
#children: 3


----------------current Node----------------
[[5, 1, 3, 4], [9, 2, 6, 7], [13, 11, 12, 8], [0, 10, 14, 15]]
----------------current Node----------------
[[5, 1, 3, 4], [0, 2, 6, 7], [9, 11, 12, 8], [13, 10, 14, 15]]
frontier: 164
explored: 110
#children: 3


----------------current Node----------------
[[5, 1, 3, 4], [9, 2, 6, 7], [0, 11, 12, 8], [13, 10, 14, 15]]
----------------current Node----------------
[[0, 1, 3, 4], [5, 2, 6, 7], [9, 11, 12, 8], [13, 10, 14, 15]]
frontier: 165
explored: 111
#children: 2


----------------current Node----------------
[[5, 1, 3, 4], [0, 2, 6, 7], [9, 11, 12, 8], [13, 10, 14, 15]]
----------------current Node----------------
[[1, 0, 3, 4], [5, 2, 6, 7], [9, 11, 12, 8], [13, 10, 14, 15]]
frontier: 165
explored: 112
#children: 3


----------------current Node----------------
[[1, 2, 3, 4], [5, 0, 6, 7], [9, 11, 12, 8], [13, 10, 14, 15]]
----------------current Node----------------
[[0, 1, 3, 4], [5, 2, 6, 7], [9, 11, 12, 8], [13, 10, 14, 15]]
----------------current Node----------------
[[1, 3, 0, 4], [5, 2, 6, 7], [9, 11, 12, 8], [13, 10, 14, 15]]
frontier: 165
explored: 113
#children: 3


----------------current Node----------------
[[1, 3, 6, 4], [5, 2, 0, 7], [9, 11, 12, 8], [13, 10, 14, 15]]
frontier: 167
explored: 114
#children: 4


----------------current Node----------------
[[1, 3, 6, 4], [5, 2, 12, 7], [9, 11, 0, 8], [13, 10, 14, 15]]
frontier: 170
explored: 115
#children: 4


----------------current Node----------------
[[1, 3, 6, 4], [5, 2, 12, 7], [9, 11, 14, 8], [13, 10, 0, 15]]
frontier: 173
explored: 116
#children: 3


----------------current Node----------------
[[1, 3, 6, 4], [5, 2, 12, 7], [9, 11, 0, 8], [13, 10, 14, 15]]
----------------current Node----------------
[[1, 3, 6, 4], [5, 2, 12, 7], [9, 11, 14, 8], [13, 0, 10, 15]]
frontier: 174
explored: 117
#children: 3


----------------current Node----------------
[[1, 3, 6, 4], [5, 2, 12, 7], [9, 0, 14, 8], [13, 11, 10, 15]]
frontier: 176
explored: 118
#children: 4


----------------current Node----------------
[[1, 3, 6, 4], [5, 2, 12, 7], [9, 11, 14, 8], [13, 0, 10, 15]]
----------------current Node----------------
[[1, 3, 6, 4], [5, 0, 12, 7], [9, 2, 14, 8], [13, 11, 10, 15]]
frontier: 178
explored: 119
#children: 4


----------------current Node----------------
[[1, 3, 6, 4], [5, 2, 12, 7], [9, 0, 14, 8], [13, 11, 10, 15]]
----------------current Node----------------
[[1, 0, 6, 4], [5, 3, 12, 7], [9, 2, 14, 8], [13, 11, 10, 15]]
frontier: 180
explored: 120
#children: 3


----------------current Node----------------
[[1, 3, 6, 4], [5, 0, 12, 7], [9, 2, 14, 8], [13, 11, 10, 15]]
----------------current Node----------------
[[0, 1, 6, 4], [5, 3, 12, 7], [9, 2, 14, 8], [13, 11, 10, 15]]
frontier: 181
explored: 121
#children: 2


----------------current Node----------------
[[5, 1, 6, 4], [0, 3, 12, 7], [9, 2, 14, 8], [13, 11, 10, 15]]
frontier: 182
explored: 122
#children: 3


----------------current Node----------------
[[5, 1, 6, 4], [9, 3, 12, 7], [0, 2, 14, 8], [13, 11, 10, 15]]
frontier: 184
explored: 123
#children: 3


----------------current Node----------------
[[5, 1, 6, 4], [9, 3, 12, 7], [13, 2, 14, 8], [0, 11, 10, 15]]
frontier: 186
explored: 124
#children: 2


----------------current Node----------------
[[5, 1, 6, 4], [9, 3, 12, 7], [0, 2, 14, 8], [13, 11, 10, 15]]
----------------current Node----------------
[[5, 1, 6, 4], [9, 3, 12, 7], [13, 2, 14, 8], [11, 0, 10, 15]]
frontier: 186
explored: 125
#children: 3


----------------current Node----------------
[[5, 1, 6, 4], [9, 3, 12, 7], [13, 0, 14, 8], [11, 2, 10, 15]]
frontier: 188
explored: 126
#children: 4


----------------current Node----------------
[[5, 1, 6, 4], [9, 3, 12, 7], [13, 2, 14, 8], [11, 0, 10, 15]]
----------------current Node----------------
[[5, 1, 6, 4], [9, 0, 12, 7], [13, 3, 14, 8], [11, 2, 10, 15]]
frontier: 190
explored: 127
#children: 4


----------------current Node----------------
[[5, 1, 6, 4], [9, 3, 12, 7], [13, 0, 14, 8], [11, 2, 10, 15]]
----------------current Node----------------
[[5, 0, 6, 4], [9, 1, 12, 7], [13, 3, 14, 8], [11, 2, 10, 15]]
frontier: 192
explored: 128
#children: 3


----------------current Node----------------
[[5, 1, 6, 4], [9, 0, 12, 7], [13, 3, 14, 8], [11, 2, 10, 15]]
----------------current Node----------------
[[0, 5, 6, 4], [9, 1, 12, 7], [13, 3, 14, 8], [11, 2, 10, 15]]
frontier: 193
explored: 129
#children: 2


----------------current Node----------------
[[9, 5, 6, 4], [0, 1, 12, 7], [13, 3, 14, 8], [11, 2, 10, 15]]
frontier: 194
explored: 130
#children: 3


----------------current Node----------------
[[9, 5, 6, 4], [13, 1, 12, 7], [0, 3, 14, 8], [11, 2, 10, 15]]
frontier: 196
explored: 131
#children: 3


----------------current Node----------------
[[9, 5, 6, 4], [13, 1, 12, 7], [11, 3, 14, 8], [0, 2, 10, 15]]
frontier: 198
explored: 132
#children: 2


----------------current Node----------------
[[9, 5, 6, 4], [13, 1, 12, 7], [0, 3, 14, 8], [11, 2, 10, 15]]
----------------current Node----------------
[[9, 5, 6, 4], [13, 1, 12, 7], [11, 3, 14, 8], [2, 0, 10, 15]]
frontier: 198
explored: 133
#children: 3


----------------current Node----------------
[[9, 5, 6, 4], [13, 1, 12, 7], [11, 0, 14, 8], [2, 3, 10, 15]]
frontier: 200
explored: 134
#children: 4


----------------current Node----------------
[[9, 5, 6, 4], [13, 1, 12, 7], [11, 3, 14, 8], [2, 0, 10, 15]]
----------------current Node----------------
[[9, 5, 6, 4], [13, 0, 12, 7], [11, 1, 14, 8], [2, 3, 10, 15]]
frontier: 202
explored: 135
#children: 4


----------------current Node----------------
[[9, 5, 6, 4], [13, 1, 12, 7], [11, 0, 14, 8], [2, 3, 10, 15]]
----------------current Node----------------
[[9, 0, 6, 4], [13, 5, 12, 7], [11, 1, 14, 8], [2, 3, 10, 15]]
frontier: 204
explored: 136
#children: 3


----------------current Node----------------
[[9, 5, 6, 4], [13, 0, 12, 7], [11, 1, 14, 8], [2, 3, 10, 15]]
----------------current Node----------------
[[0, 9, 6, 4], [13, 5, 12, 7], [11, 1, 14, 8], [2, 3, 10, 15]]
frontier: 205
explored: 137
#children: 2


----------------current Node----------------
[[13, 9, 6, 4], [0, 5, 12, 7], [11, 1, 14, 8], [2, 3, 10, 15]]
frontier: 206
explored: 138
#children: 3


----------------current Node----------------
[[13, 9, 6, 4], [11, 5, 12, 7], [0, 1, 14, 8], [2, 3, 10, 15]]
frontier: 208
explored: 139
#children: 3


----------------current Node----------------
[[13, 9, 6, 4], [11, 5, 12, 7], [2, 1, 14, 8], [0, 3, 10, 15]]
frontier: 210
explored: 140
#children: 2


----------------current Node----------------
[[13, 9, 6, 4], [11, 5, 12, 7], [0, 1, 14, 8], [2, 3, 10, 15]]
----------------current Node----------------
[[13, 9, 6, 4], [11, 5, 12, 7], [2, 1, 14, 8], [3, 0, 10, 15]]
frontier: 210
explored: 141
#children: 3


----------------current Node----------------
[[13, 9, 6, 4], [11, 5, 12, 7], [2, 0, 14, 8], [3, 1, 10, 15]]
frontier: 212
explored: 142
#children: 4


----------------current Node----------------
[[13, 9, 6, 4], [11, 5, 12, 7], [2, 1, 14, 8], [3, 0, 10, 15]]
----------------current Node----------------
[[13, 9, 6, 4], [11, 0, 12, 7], [2, 5, 14, 8], [3, 1, 10, 15]]
frontier: 214
explored: 143
#children: 4


----------------current Node----------------
[[13, 9, 6, 4], [11, 5, 12, 7], [2, 0, 14, 8], [3, 1, 10, 15]]
----------------current Node----------------
[[13, 0, 6, 4], [11, 9, 12, 7], [2, 5, 14, 8], [3, 1, 10, 15]]
frontier: 216
explored: 144
#children: 3


----------------current Node----------------
[[13, 9, 6, 4], [11, 0, 12, 7], [2, 5, 14, 8], [3, 1, 10, 15]]
----------------current Node----------------
[[0, 13, 6, 4], [11, 9, 12, 7], [2, 5, 14, 8], [3, 1, 10, 15]]
frontier: 217
explored: 145
#children: 2


----------------current Node----------------
[[11, 13, 6, 4], [0, 9, 12, 7], [2, 5, 14, 8], [3, 1, 10, 15]]
frontier: 218
explored: 146
#children: 3


----------------current Node----------------
[[11, 13, 6, 4], [2, 9, 12, 7], [0, 5, 14, 8], [3, 1, 10, 15]]
frontier: 220
explored: 147
#children: 3


----------------current Node----------------
[[11, 13, 6, 4], [2, 9, 12, 7], [3, 5, 14, 8], [0, 1, 10, 15]]
frontier: 222
explored: 148
#children: 2


----------------current Node----------------
[[11, 13, 6, 4], [2, 9, 12, 7], [0, 5, 14, 8], [3, 1, 10, 15]]
----------------current Node----------------
[[11, 13, 6, 4], [2, 9, 12, 7], [3, 5, 14, 8], [1, 0, 10, 15]]
frontier: 222
explored: 149
#children: 3


----------------current Node----------------
[[11, 13, 6, 4], [2, 9, 12, 7], [3, 0, 14, 8], [1, 5, 10, 15]]
frontier: 224
explored: 150
#children: 4


----------------current Node----------------
[[11, 13, 6, 4], [2, 9, 12, 7], [3, 5, 14, 8], [1, 0, 10, 15]]
----------------current Node----------------
[[11, 13, 6, 4], [2, 0, 12, 7], [3, 9, 14, 8], [1, 5, 10, 15]]
frontier: 226
explored: 151
#children: 4


----------------current Node----------------
[[11, 13, 6, 4], [2, 9, 12, 7], [3, 0, 14, 8], [1, 5, 10, 15]]
----------------current Node----------------
[[11, 0, 6, 4], [2, 13, 12, 7], [3, 9, 14, 8], [1, 5, 10, 15]]
frontier: 228
explored: 152
#children: 3


----------------current Node----------------
[[11, 13, 6, 4], [2, 0, 12, 7], [3, 9, 14, 8], [1, 5, 10, 15]]
----------------current Node----------------
[[0, 11, 6, 4], [2, 13, 12, 7], [3, 9, 14, 8], [1, 5, 10, 15]]
frontier: 229
explored: 153
#children: 2


----------------current Node----------------
[[2, 11, 6, 4], [0, 13, 12, 7], [3, 9, 14, 8], [1, 5, 10, 15]]
frontier: 230
explored: 154
#children: 3


----------------current Node----------------
[[2, 11, 6, 4], [3, 13, 12, 7], [0, 9, 14, 8], [1, 5, 10, 15]]
frontier: 232
explored: 155
#children: 3


----------------current Node----------------
[[2, 11, 6, 4], [3, 13, 12, 7], [1, 9, 14, 8], [0, 5, 10, 15]]
frontier: 234
explored: 156
#children: 2


----------------current Node----------------
[[2, 11, 6, 4], [3, 13, 12, 7], [0, 9, 14, 8], [1, 5, 10, 15]]
----------------current Node----------------
[[2, 11, 6, 4], [3, 13, 12, 7], [1, 9, 14, 8], [5, 0, 10, 15]]
frontier: 234
explored: 157
#children: 3


----------------current Node----------------
[[2, 11, 6, 4], [3, 13, 12, 7], [1, 0, 14, 8], [5, 9, 10, 15]]
frontier: 236
explored: 158
#children: 4


----------------current Node----------------
[[2, 11, 6, 4], [3, 13, 12, 7], [1, 9, 14, 8], [5, 0, 10, 15]]
----------------current Node----------------
[[2, 11, 6, 4], [3, 0, 12, 7], [1, 13, 14, 8], [5, 9, 10, 15]]
frontier: 238
explored: 159
#children: 4


----------------current Node----------------
[[2, 11, 6, 4], [3, 13, 12, 7], [1, 0, 14, 8], [5, 9, 10, 15]]
----------------current Node----------------
[[2, 0, 6, 4], [3, 11, 12, 7], [1, 13, 14, 8], [5, 9, 10, 15]]
frontier: 240
explored: 160
#children: 3


----------------current Node----------------
[[2, 11, 6, 4], [3, 0, 12, 7], [1, 13, 14, 8], [5, 9, 10, 15]]
----------------current Node----------------
[[0, 2, 6, 4], [3, 11, 12, 7], [1, 13, 14, 8], [5, 9, 10, 15]]
frontier: 241
explored: 161
#children: 2


----------------current Node----------------
[[3, 2, 6, 4], [0, 11, 12, 7], [1, 13, 14, 8], [5, 9, 10, 15]]
frontier: 242
explored: 162
#children: 3


----------------current Node----------------
[[3, 2, 6, 4], [1, 11, 12, 7], [0, 13, 14, 8], [5, 9, 10, 15]]
frontier: 244
explored: 163
#children: 3


----------------current Node----------------
[[3, 2, 6, 4], [1, 11, 12, 7], [5, 13, 14, 8], [0, 9, 10, 15]]
frontier: 246
explored: 164
#children: 2


----------------current Node----------------
[[3, 2, 6, 4], [1, 11, 12, 7], [0, 13, 14, 8], [5, 9, 10, 15]]
----------------current Node----------------
[[3, 2, 6, 4], [1, 11, 12, 7], [5, 13, 14, 8], [9, 0, 10, 15]]
frontier: 246
explored: 165
#children: 3


----------------current Node----------------
[[3, 2, 6, 4], [1, 11, 12, 7], [5, 0, 14, 8], [9, 13, 10, 15]]
frontier: 248
explored: 166
#children: 4


----------------current Node----------------
[[3, 2, 6, 4], [1, 11, 12, 7], [5, 13, 14, 8], [9, 0, 10, 15]]
----------------current Node----------------
[[3, 2, 6, 4], [1, 0, 12, 7], [5, 11, 14, 8], [9, 13, 10, 15]]
frontier: 250
explored: 167
#children: 4


----------------current Node----------------
[[3, 2, 6, 4], [1, 11, 12, 7], [5, 0, 14, 8], [9, 13, 10, 15]]
----------------current Node----------------
[[3, 0, 6, 4], [1, 2, 12, 7], [5, 11, 14, 8], [9, 13, 10, 15]]
frontier: 252
explored: 168
#children: 3


----------------current Node----------------
[[3, 2, 6, 4], [1, 0, 12, 7], [5, 11, 14, 8], [9, 13, 10, 15]]
----------------current Node----------------
[[0, 3, 6, 4], [1, 2, 12, 7], [5, 11, 14, 8], [9, 13, 10, 15]]
frontier: 253
explored: 169
#children: 2


----------------current Node----------------
[[1, 3, 6, 4], [0, 2, 12, 7], [5, 11, 14, 8], [9, 13, 10, 15]]
frontier: 254
explored: 170
#children: 3


----------------current Node----------------
[[1, 3, 6, 4], [5, 2, 12, 7], [0, 11, 14, 8], [9, 13, 10, 15]]
frontier: 256
explored: 171
#children: 3


----------------current Node----------------
[[1, 3, 6, 4], [5, 2, 12, 7], [9, 11, 14, 8], [0, 13, 10, 15]]
frontier: 258
explored: 172
#children: 2


----------------current Node----------------
[[1, 3, 6, 4], [5, 2, 12, 7], [0, 11, 14, 8], [9, 13, 10, 15]]
----------------current Node----------------
[[1, 3, 6, 4], [5, 2, 12, 7], [9, 11, 14, 8], [13, 0, 10, 15]]
----------------current Node----------------
[[1, 3, 6, 4], [0, 2, 12, 7], [5, 11, 14, 8], [9, 13, 10, 15]]
----------------current Node----------------
[[1, 3, 6, 4], [5, 2, 12, 7], [11, 0, 14, 8], [9, 13, 10, 15]]
frontier: 256
explored: 173
#children: 4


----------------current Node----------------
[[1, 3, 6, 4], [5, 2, 12, 7], [11, 13, 14, 8], [9, 0, 10, 15]]
frontier: 259
explored: 174
#children: 3


----------------current Node----------------
[[1, 3, 6, 4], [5, 2, 12, 7], [11, 0, 14, 8], [9, 13, 10, 15]]
----------------current Node----------------
[[1, 3, 6, 4], [5, 2, 12, 7], [11, 13, 14, 8], [0, 9, 10, 15]]
frontier: 260
explored: 175
#children: 2


----------------current Node----------------
[[1, 3, 6, 4], [5, 2, 12, 7], [0, 13, 14, 8], [11, 9, 10, 15]]
frontier: 261
explored: 176
#children: 3


----------------current Node----------------
[[1, 3, 6, 4], [5, 2, 12, 7], [11, 13, 14, 8], [0, 9, 10, 15]]
----------------current Node----------------
[[1, 3, 6, 4], [0, 2, 12, 7], [5, 13, 14, 8], [11, 9, 10, 15]]
frontier: 262
explored: 177
#children: 3


----------------current Node----------------
[[1, 3, 6, 4], [5, 2, 12, 7], [0, 13, 14, 8], [11, 9, 10, 15]]
----------------current Node----------------
[[0, 3, 6, 4], [1, 2, 12, 7], [5, 13, 14, 8], [11, 9, 10, 15]]
frontier: 263
explored: 178
#children: 2


----------------current Node----------------
[[1, 3, 6, 4], [0, 2, 12, 7], [5, 13, 14, 8], [11, 9, 10, 15]]
----------------current Node----------------
[[3, 0, 6, 4], [1, 2, 12, 7], [5, 13, 14, 8], [11, 9, 10, 15]]
frontier: 263
explored: 179
#children: 3


----------------current Node----------------
[[3, 2, 6, 4], [1, 0, 12, 7], [5, 13, 14, 8], [11, 9, 10, 15]]
frontier: 265
explored: 180
#children: 4


----------------current Node----------------
[[3, 2, 6, 4], [1, 13, 12, 7], [5, 0, 14, 8], [11, 9, 10, 15]]
frontier: 268
explored: 181
#children: 4


----------------current Node----------------
[[3, 2, 6, 4], [1, 13, 12, 7], [5, 9, 14, 8], [11, 0, 10, 15]]
frontier: 271
explored: 182
#children: 3


----------------current Node----------------
[[3, 2, 6, 4], [1, 13, 12, 7], [5, 0, 14, 8], [11, 9, 10, 15]]
----------------current Node----------------
[[3, 2, 6, 4], [1, 13, 12, 7], [5, 9, 14, 8], [0, 11, 10, 15]]
frontier: 272
explored: 183
#children: 2


----------------current Node----------------
[[3, 2, 6, 4], [1, 13, 12, 7], [0, 9, 14, 8], [5, 11, 10, 15]]
frontier: 273
explored: 184
#children: 3


----------------current Node----------------
[[3, 2, 6, 4], [1, 13, 12, 7], [5, 9, 14, 8], [0, 11, 10, 15]]
----------------current Node----------------
[[3, 2, 6, 4], [0, 13, 12, 7], [1, 9, 14, 8], [5, 11, 10, 15]]
frontier: 274
explored: 185
#children: 3


----------------current Node----------------
[[3, 2, 6, 4], [1, 13, 12, 7], [0, 9, 14, 8], [5, 11, 10, 15]]
----------------current Node----------------
[[0, 2, 6, 4], [3, 13, 12, 7], [1, 9, 14, 8], [5, 11, 10, 15]]
frontier: 275
explored: 186
#children: 2


----------------current Node----------------
[[3, 2, 6, 4], [0, 13, 12, 7], [1, 9, 14, 8], [5, 11, 10, 15]]
----------------current Node----------------
[[2, 0, 6, 4], [3, 13, 12, 7], [1, 9, 14, 8], [5, 11, 10, 15]]
frontier: 275
explored: 187
#children: 3


----------------current Node----------------
[[2, 13, 6, 4], [3, 0, 12, 7], [1, 9, 14, 8], [5, 11, 10, 15]]
frontier: 277
explored: 188
#children: 4


----------------current Node----------------
[[2, 13, 6, 4], [3, 9, 12, 7], [1, 0, 14, 8], [5, 11, 10, 15]]
frontier: 280
explored: 189
#children: 4


----------------current Node----------------
[[2, 13, 6, 4], [3, 9, 12, 7], [1, 11, 14, 8], [5, 0, 10, 15]]
frontier: 283
explored: 190
#children: 3


----------------current Node----------------
[[2, 13, 6, 4], [3, 9, 12, 7], [1, 0, 14, 8], [5, 11, 10, 15]]
----------------current Node----------------
[[2, 13, 6, 4], [3, 9, 12, 7], [1, 11, 14, 8], [0, 5, 10, 15]]
frontier: 284
explored: 191
#children: 2


----------------current Node----------------
[[2, 13, 6, 4], [3, 9, 12, 7], [0, 11, 14, 8], [1, 5, 10, 15]]
frontier: 285
explored: 192
#children: 3


----------------current Node----------------
[[2, 13, 6, 4], [3, 9, 12, 7], [1, 11, 14, 8], [0, 5, 10, 15]]
----------------current Node----------------
[[2, 13, 6, 4], [0, 9, 12, 7], [3, 11, 14, 8], [1, 5, 10, 15]]
frontier: 286
explored: 193
#children: 3


----------------current Node----------------
[[2, 13, 6, 4], [3, 9, 12, 7], [0, 11, 14, 8], [1, 5, 10, 15]]
----------------current Node----------------
[[0, 13, 6, 4], [2, 9, 12, 7], [3, 11, 14, 8], [1, 5, 10, 15]]
frontier: 287
explored: 194
#children: 2


----------------current Node----------------
[[2, 13, 6, 4], [0, 9, 12, 7], [3, 11, 14, 8], [1, 5, 10, 15]]
----------------current Node----------------
[[13, 0, 6, 4], [2, 9, 12, 7], [3, 11, 14, 8], [1, 5, 10, 15]]
frontier: 287
explored: 195
#children: 3


----------------current Node----------------
[[13, 9, 6, 4], [2, 0, 12, 7], [3, 11, 14, 8], [1, 5, 10, 15]]
frontier: 289
explored: 196
#children: 4


----------------current Node----------------
[[13, 9, 6, 4], [2, 11, 12, 7], [3, 0, 14, 8], [1, 5, 10, 15]]
frontier: 292
explored: 197
#children: 4


----------------current Node----------------
[[13, 9, 6, 4], [2, 11, 12, 7], [3, 5, 14, 8], [1, 0, 10, 15]]
frontier: 295
explored: 198
#children: 3


----------------current Node----------------
[[13, 9, 6, 4], [2, 11, 12, 7], [3, 0, 14, 8], [1, 5, 10, 15]]
----------------current Node----------------
[[13, 9, 6, 4], [2, 11, 12, 7], [3, 5, 14, 8], [0, 1, 10, 15]]
frontier: 296
explored: 199
#children: 2


----------------current Node----------------
[[13, 9, 6, 4], [2, 11, 12, 7], [0, 5, 14, 8], [3, 1, 10, 15]]
frontier: 297
explored: 200
#children: 3


----------------current Node----------------
[[13, 9, 6, 4], [2, 11, 12, 7], [3, 5, 14, 8], [0, 1, 10, 15]]
----------------current Node----------------
[[13, 9, 6, 4], [0, 11, 12, 7], [2, 5, 14, 8], [3, 1, 10, 15]]
frontier: 298
explored: 201
